100
0.775189 -6.90109 -1
6.09359 9.06431 1
4.6073 9.93436 1
9.31981 2.75771 1
3.20299 -8.97329 -1
-7.17833 -1.55315 -1
4.12258 -8.54264 -1
9.92775 6.27999 1
9.3789 3.69883 1
2.76313 -9.91658 -1
-9.98222 4.05795 -1
-3.18434 5.75244 -1
6.77915 9.8894 1
-1.66375 -7.94309 -1
-6.48573 -1.22264 -1
-4.94265 -7.10478 -1
6.59404 5.09553 1
5.17895 -6.92688 1
7.13107 -7.76472 1
7.98772 1.65085 1
1.54025 8.52137 1
-9.42172 -8.11739 -1
0.659966 1.57585 1
4.47107 -8.32048 -1
6.77505 -9.9377 1
-6.86458 7.1499 -1
9.38518 -8.31497 1
3.33588 -1.8214 1
-3.30003 -3.49253 -1
-1.60992 -2.91204 -1
8.66381 8.90536 1
-9.41512 4.92092 -1
4.98321 -5.37773 1
-8.22783 6.46465 -1
8.14969 -7.40166 1
0.776941 0.670013 1
7.17748 -8.88567 1
-1.79771 6.12596 1
5.03133 9.38495 1
4.30587 -5.79905 1
-1.17677 -7.70992 -1
8.75474 -4.20717 1
-1.60883 0.282985 -1
-9.047 -5.24831 -1
-4.13399 -8.59981 -1
7.52615 -1.68436 1
-2.29941 -9.06464 -1
-4.86369 -8.85016 -1
-6.56008 8.70326 -1
-5.50391 6.30768 -1
-3.40933 -2.51093 -1
2.24076 -1.29961 1
0.100581 -0.627816 -1
7.68782 3.10946 1
4.04482 -1.64209 1
-0.492248 8.69042 1
7.39368 7.69561 1
4.00329 4.24141 1
-8.26952 -3.16761 -1
5.53278 3.81177 1
-6.81605 -5.74692 -1
7.36254 3.44431 1
-8.19778 3.65506 -1
2.34548 -6.27083 -1
-8.57522 9.39998 -1
3.6414 -3.59406 1
3.23833 -5.84034 -1
7.97143 -8.57888 1
-4.32581 -2.33543 -1
-8.89112 -1.71266 -1
-8.0576 -4.96742 -1
-1.23825 8.47873 1
7.87872 5.65594 1
-7.93812 -8.36336 -1
-4.2037 6.2351 -1
7.65622 8.4758 1
-3.85963 -3.04974 -1
5.2376 -9.18877 -1
-4.15618 -5.61855 -1
-7.13982 5.4949 -1
1.15085 0.406706 1
2.04335 9.15099 1
5.38609 2.58427 1
1.06007 -3.46952 -1
3.48074 -7.26014 -1
-6.4489 4.61006 -1
8.99151 7.36622 1
2.86113 -1.20741 1
9.19929 4.8496 1
4.00059 -4.26236 1
8.32191 0.68965 1
7.22013 8.80171 1
-8.45843 1.03212 -1
-4.35781 -4.68244 -1
-7.31622 8.48808 -1
-2.71934 -0.924018 -1
-6.07442 6.78158 -1
-7.48077 -3.19512 -1
7.49453 -0.258169 1
-1.45646 6.80554 1
