100
0.373914 1.09341 -0.312652 1
-8.22154 -14.7607 3.09232 -1
-0.525676 1.60539 -1.15541 1
-10.0859 -14.737 5.93768 -1
0.210999 0.918184 -0.250286 1
-10.124 -17.0651 4.08103 -1
0.262879 0.99287 -0.21033 1
-8.99024 -15.152 5.04642 -1
0.186539 1.68231 -0.772801 1
-8.85299 -16.3811 4.52129 -1
0.195535 -1.07886 -0.0581755 1
-9.51912 -16.5634 4.96661 -1
-1.27326 1.06164 -0.70121 1
-8.9567 -15.8897 4.62218 -1
0.360372 0.32215 -0.357036 1
-8.92022 -17.3551 4.08951 -1
1.8284 2.63417 -1.38457 1
-7.74569 -14.808 4.60578 -1
0.650322 -2.0067 4.22737 1
-10.3319 -16.3755 5.47655 -1
0.772964 1.78904 0.0807467 1
-12.2497 -14.7604 2.40452 -1
0.177679 0.99991 -0.284377 1
-10.0928 -14.5847 4.48683 -1
0.230567 0.964968 -0.188399 1
-9.36713 -16.3348 4.66632 -1
0.110357 0.689773 1.13126 1
-9.22559 -16.1521 4.63824 -1
-0.237061 0.0424907 1.18492 1
-8.95718 -15.3451 4.56807 -1
-0.966438 1.87206 -0.382653 1
-10.1376 -14.3308 6.50644 -1
1.62845 0.31786 0.21063 1
-8.64234 -15.6398 4.39705 -1
0.562949 0.618679 -1.44923 1
-10.7524 -16.9587 6.12573 -1
0.172587 1.04424 -0.187954 1
-9.06155 -16.3891 5.04548 -1
1.20427 -1.11451 -0.277393 1
-11.2679 -17.5303 4.99528 -1
0.444121 0.947137 -0.308036 1
-9.71882 -16.7802 4.37665 -1
0.267374 1.01511 -0.0791052 1
-9.11014 -16.0915 4.58518 -1
-0.566965 1.12699 -0.0212506 1
-8.52138 -15.9899 4.38111 -1
-0.802851 0.303641 -0.0367473 1
-9.26683 -14.6936 7.43931 -1
-0.620802 2.29887 0.995769 1
-10.1269 -15.2018 5.43198 -1
1.20853 2.50606 -1.41483 1
-8.54873 -16.6176 2.03459 -1
-1.49054 1.68564 -0.803535 1
-8.81834 -15.9825 4.52277 -1
-0.02444 0.905642 -0.417914 1
-11.0621 -15.0641 2.77294 -1
-2.52535 0.137253 2.58833 1
-9.60676 -17.0582 4.25708 -1
0.213502 0.931336 -0.192039 1
-9.17718 -16.7051 3.74886 -1
1.295 -0.488497 -1.76545 1
-10.365 -17.7344 5.40411 -1
-0.144628 0.473879 0.74305 1
-6.7878 -14.4018 4.56469 -1
0.21757 1.13062 -0.0483897 1
-10.0839 -17.2639 5.66766 -1
0.104129 1.33636 -0.00217227 1
-9.94245 -16.0469 4.69081 -1
1.75389 -0.416225 0.138746 1
-9.09154 -15.869 4.40454 -1
-1.6641 0.556265 -1.28672 1
-8.91231 -15.0303 5.60708 -1
0.31478 1.03649 -0.100424 1
-9.28183 -16.1624 4.51436 -1
0.186221 0.841808 -0.135465 1
-9.10645 -16.1165 4.57943 -1
-0.759703 1.85254 1.66828 1
-9.28975 -15.9097 4.76815 -1
-1.76026 0.419935 -1.898 1
-8.84995 -13.908 4.81719 -1
-0.348621 0.926608 -0.906338 1
-9.03196 -16.2559 4.74972 -1
0.237113 0.877945 -0.278293 1
-8.91774 -16.2398 4.56344 -1
2.63546 -1.16609 1.62318 1
-8.91483 -16.735 2.70866 -1
0.450743 0.764211 -0.525052 1
-7.43315 -16.3092 3.80992 -1
-1.24262 1.47047 1.05349 1
-9.01344 -14.6275 4.29291 -1
0.147393 0.931551 -0.252463 1
-8.98215 -16.2417 4.69371 -1
-1.21203 1.28221 -0.735656 1
-4.07192 -14.1132 2.74689 -1
2.62004 1.52152 -1.24528 1
-9.47663 -15.7743 4.33303 -1
0.807955 1.70097 -0.453828 1
-8.76999 -15.7044 5.21349 -1
-0.117676 0.899033 -1.3099 1
-9.98329 -14.6218 5.25114 -1
0.579547 1.60255 -0.838377 1
-10.2622 -14.6556 6.24609 -1
1.05073 0.2461 0.00587845 1
-9.5689 -16.322 3.59014 -1
0.0161215 1.15177 -0.235584 1
-8.15408 -14.6172 3.97282 -1
1.63978 1.23895 -1.53145 1
-9.62998 -16.5915 5.77683 -1
1.1011 -0.530366 0.396842 1
-8.47377 -15.799 4.26018 -1
-1.80367 -0.301885 0.206813 1
-8.61979 -15.6009 4.38675 -1
0.643211 0.521114 -0.468923 1
-9.38905 -15.5627 5.24947 -1
0.0332548 1.42445 0.0324949 1
-11.2518 -17.0532 4.08303 -1
0.993287 0.838752 0.554732 1
-8.33841 -17.2392 4.60551 -1
2.14395 2.43728 0.828755 1
-9.15484 -13.6565 6.82093 -1
-0.961072 -0.268614 -0.788915 1
-9.05514 -16.1983 4.51916 -1
0.757299 2.73162 0.685067 1
-10.2207 -15.1955 4.80985 -1
0.0348711 0.830997 0.0344421 1
-9.22123 -16.15 4.83676 -1
3.93508 1.14713 -0.211081 1
-8.12865 -16.6301 4.79967 -1
0.485501 4.72047 0.812249 1
-10.5927 -15.4704 4.47278 -1
1.55759 -0.56593 -0.624461 1
-10.9497 -15.0385 0.858918 -1
-1.17214 -0.141567 -1.18469 1
-8.96739 -15.8113 4.53698 -1
-0.082491 1.07376 -0.628831 1
-9.16472 -18.405 4.90653 -1
0.359246 -0.123126 -1.64095 1
-8.39683 -15.4737 4.90318 -1
-1.48387 -0.0275226 0.683198 1
-9.53632 -15.8287 4.14389 -1
0.248547 0.441411 0.143666 1
-5.6796 -17.2746 6.76573 -1
0.0364934 0.923327 0.0577494 1
-8.73585 -14.6877 2.65263 -1
-1.83408 1.49044 -0.31865 1
-8.55982 -15.5219 4.52789 -1
1.10624 1.74169 0.911107 1
-8.87678 -15.8613 4.93963 -1
0.960554 0.71253 -0.351067 1
-9.12064 -16.0866 4.55304 -1
0.240436 0.591086 0.0409408 1
-7.9817 -13.9336 2.91276 -1
0.211522 1.39742 -0.31802 1
-8.35378 -16.999 1.93456 -1
1.12496 1.11833 1.28639 1
-8.0557 -16.4621 3.35416 -1
-1.6379 3.11173 -0.377523 1
-8.85011 -17.1566 5.24448 -1
0.550727 0.442713 -0.244844 1
-9.3103 -15.8069 3.63494 -1
-0.556956 -0.0171569 -1.30302 1
-12.2712 -13.348 1.83555 -1
0.614332 1.06882 0.0853289 1
-8.87222 -15.7711 4.92522 -1
0.665738 -2.31942 -1.64866 1
-9.83664 -17.4447 3.93893 -1
0.225121 0.947335 -0.200111 1
-9.46635 -15.1669 4.50398 -1
0.648077 0.699536 -0.208861 1
-9.04575 -16.3463 4.31934 -1
0.458674 0.73749 -0.494726 1
-7.80953 -16.6226 3.30503 -1
-0.334988 0.888103 -0.388011 1
-9.97808 -16.558 4.46175 -1
-2.30702 2.79751 0.296249 1
-8.74921 -16.3509 4.38811 -1
0.780732 0.997185 -0.674504 1
-9.05587 -15.1784 5.28216 -1
-0.131562 0.640322 -0.169775 1
-9.04365 -14.1988 6.74018 -1
0.347417 0.688303 0.234178 1
-7.46795 -17.8542 3.89175 -1
1.14199 -0.155839 -1.23522 1
-9.58368 -15.3663 5.07997 -1
-0.311386 -0.0113949 -1.23166 1
-10.6061 -15.6931 4.03945 -1
0.482226 1.0195 1.28886 1
-8.58554 -14.899 3.57496 -1
0.0634334 1.10997 -0.0817924 1
-9.09826 -16.083 4.6599 -1
1.16273 1.74565 -0.580281 1
-7.35885 -17.515 5.23621 -1
-1.35089 -1.02428 0.480425 1
-9.85231 -17.0703 4.83155 -1
-0.130751 0.583013 0.165635 1
-9.26485 -16.4345 4.09254 -1
-0.577159 0.784968 -0.287266 1
-8.90573 -16.2807 4.53673 -1
-0.0217046 1.15069 -0.16992 1
-9.16541 -16.0699 4.62415 -1
