100
4.76757 5.67551 -1.52669 1
4.77174 8.04138 8.90253 1
3.48275 -0.353029 -2.45251 -1
-3.0928 6.25959 -1.79883 1
8.17273 -8.59448 3.56495 -1
6.43864 3.69804 -4.92361 -1
-3.26703 3.56915 -9.39566 -1
-8.43925 -9.62037 -3.39349 -1
-8.43734 2.61213 -8.82602 1
4.44207 -6.71595 3.65892 -1
7.40791 -6.17265 -3.71256 -1
-4.95274 5.47227 8.65401 1
-7.38886 -7.33148 -4.06948 -1
4.13204 3.33942 -5.75242 -1
-2.44058 7.54533 2.64295 1
3.80773 -7.03974 -6.14099 -1
-4.81998 0.49182 -1.92943 1
-0.615082 8.75455 1.84686 1
-3.04911 -7.89577 6.96303 -1
-9.44263 -5.03033 7.61161 1
3.23199 9.99573 -3.87578 1
-0.310695 -4.72909 -7.9394 -1
-3.06178 8.48986 6.95857 1
-7.59131 -9.24381 -2.965 -1
9.438 2.51203 -0.585074 -1
-9.78643 8.94435 5.59866 1
7.90658 -4.27535 -9.03953 -1
8.1712 0.42275 -1.44474 -1
-9.93946 1.61652 -6.88325 1
1.5408 0.426232 -2.41656 -1
6.55865 -2.31059 2.24015 -1
-2.15313 1.93377 4.00014 1
8.87274 0.0721567 -2.09258 -1
-0.21143 -4.73753 -1.26823 -1
-2.02327 -6.10119 0.146238 -1
-1.14403 -8.58682 -4.68852 -1
-0.628388 -8.58263 1.27246 -1
-9.14357 -0.90255 3.24557 1
-4.12089 -3.68597 -6.29004 -1
4.33088 -2.80393 9.96678 1
-7.9008 1.61221 -3.76551 1
-3.25064 -7.92006 -8.77764 -1
-8.80477 -3.69187 -9.45549 -1
2.88829 -9.04891 -6.616 -1
2.66623 -0.107155 -0.200577 -1
7.45432 6.46916 -5.83212 -1
-6.5062 0.629198 8.95616 1
6.16322 -0.153756 0.71599 -1
3.77771 7.17534 -3.26094 1
9.76506 -3.56017 2.19387 -1
-7.87985 6.52715 -6.96701 1
-6.83575 -6.29024 7.54203 1
-3.47173 -5.41085 6.03929 1
-6.96777 5.0746 7.50167 1
2.07232 2.00137 7.71509 1
0.830021 -6.314 3.31508 -1
-9.22415 3.13828 7.2408 1
-5.48908 -8.21304 0.255873 -1
-9.12346 -7.93656 -3.37265 -1
-0.34653 -6.09295 0.86503 -1
-5.84352 9.00326 6.11688 1
1.0026 3.64212 9.2292 1
3.91013 6.47092 6.27485 1
5.71876 7.89767 7.36951 1
-8.79022 -4.07065 3.1113 1
-5.49431 7.45439 -9.71221 1
-3.28651 -4.07145 -3.20381 -1
-9.56941 -1.91791 5.2271 1
2.0115 -2.03314 0.145905 -1
8.58526 1.52275 2.35113 -1
2.98109 -1.89675 -6.89657 -1
-3.57705 5.43932 -6.04206 1
1.97532 -8.18739 -3.78801 -1
9.45066 0.529554 -3.57305 -1
6.01835 8.49583 -1.73732 1
4.01852 -6.82653 9.96349 -1
5.15134 -7.1347 -5.87136 -1
7.23917 -1.94024 -2.67673 -1
-8.08876 4.71285 6.37087 1
-4.92189 -9.67224 4.77727 -1
-4.79897 -7.28424 -1.85689 -1
3.85384 4.98905 -2.54924 1
-6.50686 1.33749 1.59496 1
6.65773 6.69989 -8.43001 -1
-0.689953 0.116191 -3.79283 -1
-0.943039 -1.342 7.62017 1
-8.21446 -2.32364 2.44693 1
2.7715 -0.848025 7.88275 1
1.22361 6.62612 -0.628715 1
8.67301 8.96477 -5.47444 1
9.78458 2.10904 6.64054 1
4.86264 1.09466 8.13941 1
3.85483 3.10246 2.95023 1
-5.59103 -1.30746 -0.455274 1
-1.81038 -9.84084 8.16421 -1
-9.3023 -5.17608 3.32534 1
-2.1987 7.09131 3.72911 1
-0.261038 8.25571 -2.83747 1
5.6078 4.40225 3.324 1
-5.64803 6.37211 4.9693 1
