100
0.580954 -0.349795 -0.702446 1
4.059 34.4944 -27.2504 -1
3.34533 -2.11866 -0.326712 1
7.04836 29.0198 -23.8568 -1
0.242204 -0.897053 -0.435224 1
1.71715 35.8142 -23.1108 -1
0.131817 -0.698808 -0.448147 1
2.2467 34.5961 -20.8325 -1
1.79872 0.419267 -1.69896 1
4.3593 32.3212 -22.5637 -1
-3.76655 -2.45269 -3.32643 1
4.79775 33.9637 -21.6033 -1
1.77026 0.504767 2.77637 1
3.80015 32.1717 -22.3617 -1
-0.955778 -1.34335 -1.6667 1
1.58273 30.2056 -23.453 -1
-4.56238 -5.21906 0.240002 1
6.47792 36.1667 -23.2826 -1
7.05316 -11.5427 3.45639 1
2.38409 29.5008 -23.9594 -1
-1.03145 -2.42393 1.06816 1
9.74002 27.6124 -28.23 -1
0.442836 -0.775465 -0.520508 1
0.509724 29.4506 -22.6155 -1
0.202982 -0.831117 -0.505152 1
3.97949 32.7446 -21.335 -1
3.2286 -2.14812 0.167198 1
3.43828 32.3794 -22.016 -1
-1.70514 -3.85844 -2.90033 1
4.01933 33.4049 -20.4599 -1
1.7773 -1.17348 -3.93992 1
-0.0153423 36.4112 -17.3624 -1
-3.04947 -1.19056 -2.92009 1
2.8588 33.51 -20.8349 -1
-1.9341 1.01839 1.29513 1
3.32524 27.5939 -25.3787 -1
0.243844 -0.975802 -0.416924 1
4.84193 32.3866 -22.613 -1
-0.973193 3.75528 2.74885 1
-2.52876 32.5624 -19.6169 -1
0.12257 -1.13909 -0.00655181 1
3.51558 34.8105 -23.2107 -1
-0.000370831 -0.953835 -0.826463 1
3.53443 32.7609 -22.1317 -1
-0.0884854 0.0573757 1.25077 1
4.20036 31.915 -20.9571 -1
0.572954 -0.0896077 2.3619 1
7.76298 34.797 -28.5848 -1
4.21729 -3.53065 -1.4561 1
5.84727 32.0788 -25.3285 -1
-1.86972 3.13185 2.717 1
6.60119 32.8236 -16.2689 -1
-3.87855 -2.9263 1.01469 1
2.897 32.2987 -22.3724 -1
0.231561 -1.52166 -0.933279 1
4.58822 25.7705 -23.1434 -1
-3.68305 -1.45758 -9.72288 1
5.01947 34.7585 -23.4365 -1
0.195413 -0.850921 -0.51263 1
1.17154 33.7335 -22.0295 -1
3.54041 -5.76845 -0.637183 1
0.601419 30.0514 -18.2076 -1
-1.49011 -2.71403 0.561577 1
3.75131 36.4613 -28.2614 -1
-0.206484 -1.03373 -0.894482 1
3.52054 30.0707 -18.2498 -1
-0.588567 -1.53262 -0.345027 1
2.12116 31.8468 -20.8717 -1
3.73373 1.72652 2.36292 1
4.00616 32.988 -22.5395 -1
-3.2446 -1.133 -4.84798 1
1.16818 33.7633 -19.4595 -1
0.403455 -0.991379 -0.865871 1
3.88457 32.5231 -22.4131 -1
0.00723539 -0.611256 -0.761892 1
3.57066 32.7404 -22.2264 -1
0.239567 -0.019655 -6.21855 1
2.89643 32.9713 -22.5273 -1
-4.2074 -2.02655 4.25047 1
0.069113 33.3338 -26.3826 -1
-1.55681 -1.93454 0.284685 1
4.07921 32.465 -22.4327 -1
0.30176 -0.759748 -0.836128 1
4.07267 32.4773 -22.3876 -1
-7.62219 3.77518 -2.48963 1
5.14555 36.6611 -24.6615 -1
-0.700883 -0.737633 -1.24929 1
6.72996 31.5592 -25.321 -1
5.10841 -1.44557 -0.503316 1
3.29184 30.9881 -18.868 -1
0.30837 -0.663399 -0.68052 1
3.72439 32.5169 -22.6891 -1
2.43485 -3.08238 -2.76309 1
-8.29192 25.517 -25.6591 -1
-0.810954 0.537213 5.95057 1
4.48145 33.1151 -22.9747 -1
1.71826 1.0945 -0.112687 1
2.20197 34.0772 -22.9179 -1
2.60327 -1.64643 0.817695 1
4.07899 30.2602 -18.3186 -1
0.74171 1.18607 0.770387 1
-1.85507 34.5699 -19.6939 -1
0.282815 -3.60635 -0.466006 1
4.80185 30.6001 -23.3922 -1
0.442194 -0.949031 -1.18687 1
5.87465 31.5357 -18.3285 -1
3.1084 -4.19878 1.54174 1
1.94568 30.0278 -20.5092 -1
-0.38853 1.73549 3.21431 1
2.64999 33.2135 -20.5197 -1
1.74053 -5.27428 -4.28171 1
3.76729 30.9449 -22.0031 -1
-1.2071 -0.282658 -1.34299 1
4.37766 34.3406 -23.4423 -1
-0.720415 -0.213156 0.266331 1
3.44215 35.4146 -27.4871 -1
0.994231 1.4087 0.838393 1
6.84565 33.6923 -21.6515 -1
-2.15773 -6.83025 -1.91626 1
6.94075 27.9659 -28.0074 -1
0.205876 -1.98237 3.76341 1
3.6157 33.0085 -21.9755 -1
3.87102 -2.01517 2.81843 1
4.92929 35.4295 -24.0321 -1
0.431873 -0.651007 0.173179 1
3.03123 33.2386 -22.0176 -1
-8.16954 -4.29718 1.65021 1
4.92126 33.6365 -24.4966 -1
2.38003 6.43602 5.61332 1
5.82575 31.3302 -19.167 -1
-0.55576 -4.96544 2.46389 1
6.6252 34.2055 -12.0434 -1
4.49867 -0.901388 -3.21248 1
4.07069 33.1704 -22.4682 -1
0.564141 -1.69598 0.350126 1
-1.17907 35.0451 -24.7488 -1
-0.645606 1.10965 3.45048 1
1.2404 32.8018 -23.1307 -1
-3.20559 -4.63487 -2.1519 1
4.54529 32.9733 -20.9032 -1
0.882313 -1.79174 0.414673 1
-6.04565 31.7919 -17.6436 -1
0.807918 -1.00179 -0.989917 1
6.61625 35.5533 -26.4357 -1
0.662837 -4.52815 3.14985 1
2.18196 34.1441 -22.2914 -1
3.66898 0.188567 -2.44284 1
4.61564 32.5192 -21.577 -1
0.533897 -2.73414 -0.083996 1
3.51375 32.6851 -22.1671 -1
0.892637 -1.57261 -0.208642 1
8.63816 29.1919 -26.0932 -1
-0.316934 0.213693 -0.531405 1
-2.25227 36.4405 -24.3435 -1
-3.80321 -2.54499 -0.167966 1
1.08729 35.5297 -23.9358 -1
1.74685 5.99571 0.791259 1
2.81775 30.1102 -23.944 -1
0.680588 -0.919353 0.90807 1
1.68795 31.7356 -20.8074 -1
2.51583 -3.09358 2.00539 1
5.08271 23.7675 -30.7001 -1
-0.298622 -1.61277 0.280096 1
2.50702 33.4903 -22.4728 -1
5.63714 1.83473 -7.27732 1
4.91081 30.7022 -18.7682 -1
0.19937 -0.814808 -0.511528 1
2.08421 33.6825 -20.4195 -1
1.31213 -0.305343 -0.183686 1
2.77565 32.6486 -21.6206 -1
-0.735645 -1.03076 0.0135985 1
6.45131 35.5386 -19.6988 -1
1.44694 -1.22007 -1.1581 1
2.0266 34.647 -22.466 -1
2.83864 2.00939 -7.43928 1
3.10782 31.8525 -22.9039 -1
-1.2218 -0.711587 0.649637 1
4.60548 33.2946 -24.7565 -1
-0.207741 -1.88539 -0.439803 1
-0.693348 28.694 -17.9418 -1
0.877938 -1.82652 -1.04266 1
4.34063 27.2328 -25.1128 -1
0.572231 2.11571 -3.9257 1
5.55652 33.3096 -23.4701 -1
1.00819 -4.37286 -1.47588 1
1.24781 29.7912 -20.4701 -1
-1.11322 -0.922973 -4.10988 1
0.275098 35.1018 -21.5704 -1
0.65835 -0.478064 -0.756144 1
3.57346 32.4893 -22.0817 -1
2.27395 -3.28615 -0.436733 1
6.70899 27.8446 -21.0596 -1
5.76093 1.43047 2.01482 1
5.31557 34.3916 -24.1267 -1
0.541507 -1.06848 -2.05568 1
4.52056 31.9767 -21.2391 -1
1.33858 -2.42682 -0.19744 1
4.14945 32.387 -22.3641 -1
0.446055 -0.110736 -0.711082 1
3.41285 32.8463 -22.0973 -1
