100
0.596243 -1.47345 1
-24.7895 33.5398 -1
0.516798 -4.37785 1
-16.4783 38.4232 -1
0.0952522 -1.00208 1
-22.4169 31.7523 -1
0.123105 -1.06683 1
-21.9988 33.8179 -1
-0.527641 1.20901 1
-20.2448 33.4034 -1
5.36158 -1.0633 1
-21.1967 34.2131 -1
-0.654948 2.84301 1
-19.3126 34.5259 -1
-1.05131 -2.02576 1
-21.216 36.7846 -1
6.75801 -1.70441 1
-22.2834 37.5479 -1
-1.89421 -14.1536 1
-18.8919 30.0546 -1
1.82185 -3.0529 1
-9.78666 30.765 -1
0.450608 -0.804345 1
-15.1581 35.4047 -1
0.192122 -0.960338 1
-20.1404 33.385 -1
-2.27243 -3.23337 1
-19.0351 34.0504 -1
3.7764 1.49006 1
-20.0946 35.6273 -1
-0.279224 2.74146 1
-12.9963 30.9597 -1
4.28621 -0.877228 1
-20.0816 35.405 -1
-0.389411 -4.26623 1
-14.1398 36.951 -1
0.397869 -1.15159 1
-18.9606 32.5225 -1
-5.4687 -0.399718 1
-14.4926 29.4814 -1
0.741737 -1.40811 1
-19.3353 31.5344 -1
0.557108 -0.763929 1
-19.3327 33.8506 -1
0.642355 -2.95745 1
-18.984 32.3599 -1
-2.28393 0.692144 1
-11.4616 32.7859 -1
-1.86752 -5.42639 1
-17.3544 30.4485 -1
-4.7004 1.46821 1
-24.3494 29.5186 -1
-4.17735 1.01816 1
-18.9972 34.5915 -1
-0.365831 -1.48251 1
-16.9639 40.5604 -1
-5.86439 6.90048 1
-16.6554 34.7337 -1
0.195996 -0.931623 1
-21.4239 32.3355 -1
5.90382 -2.9597 1
-21.2237 39.1549 -1
2.80702 0.159108 1
-18.8254 26.7308 -1
-0.00366703 -0.459528 1
-15.9362 37.1092 -1
-0.690833 -1.51175 1
-20.6312 32.2256 -1
5.1178 0.996955 1
-19.4248 33.2173 -1
4.31675 2.7521 1
-16.8023 36.5985 -1
0.430629 -1.34042 1
-19.2403 33.4267 -1
0.501884 -1.19369 1
-19.3473 33.7968 -1
0.436228 4.73969 1
-18.6063 34.1007 -1
3.51405 4.81867 1
-24.1836 31.2122 -1
1.91938 0.555009 1
-18.7574 34.1508 -1
0.297327 -0.673859 1
-19.7812 34.3694 -1
-6.44997 -7.35335 1
-18.0924 29.1027 -1
1.38759 -1.01108 1
-24.0165 33.828 -1
-3.1162 2.66202 1
-23.0416 34.394 -1
0.274738 -1.17872 1
-19.542 34.472 -1
-2.56988 1.68934 1
-15.7764 20.0647 -1
-5.51539 -4.4185 1
-18.1983 34.508 -1
1.38141 -3.16963 1
-21.1419 32.8443 -1
-1.82344 1.05476 1
-22.7578 36.9609 -1
-0.657344 1.31277 1
-25.5163 34.7235 -1
0.0733782 1.83492 1
-17.119 35.4912 -1
0.208508 -1.65014 1
-17.5232 38.1333 -1
-3.40285 -4.29065 1
-16.5139 35.9537 -1
4.83946 -1.21933 1
-20.8604 35.0903 -1
4.39964 3.39851 1
-18.7055 35.5493 -1
-1.31741 -0.36188 1
-21.5567 33.3857 -1
-0.711392 0.00193016 1
-22.2828 39.1198 -1
-0.877066 1.52449 1
-19.8685 37.3402 -1
6.69834 -2.45803 1
-23.3863 41.1233 -1
-2.97182 2.14646 1
-19.4639 33.5518 -1
-4.79256 -0.0119647 1
-22.9149 34.4429 -1
0.920399 -1.39343 1
-19.6805 33.2183 -1
5.57278 6.70532 1
-21.6324 32.1065 -1
2.77558 -10.3991 1
-17.4347 30.3843 -1
2.21232 -5.78754 1
-8.90067 31.8235 -1
-4.79316 -1.12392 1
-19.0017 33.2039 -1
-0.693362 -1.89637 1
-22.9705 29.2554 -1
4.76599 -0.573383 1
-16.9905 33.1124 -1
-4.99521 0.124817 1
-20.4314 35.1114 -1
0.819842 0.479989 1
-26.1793 25.7353 -1
-0.336595 -1.45851 1
-14.1622 30.9055 -1
4.64841 1.96875 1
-18.4319 35.6306 -1
3.25113 -3.72511 1
-18.3189 34.5428 -1
1.50331 -2.55531 1
-19.3777 33.9286 -1
-0.830174 -1.1122 1
-25.059 29.2397 -1
-0.491635 -0.108958 1
-21.0344 26.8562 -1
-3.81301 0.652069 1
-22.1438 30.8174 -1
3.81674 -7.11323 1
-21.8879 35.9294 -1
0.146409 -2.51628 1
-19.1948 36.3633 -1
0.734841 -5.0899 1
-17.0888 46.1529 -1
-0.653747 -1.85138 1
-20.007 32.7217 -1
6.68394 5.3844 1
-16.8187 30.5978 -1
0.208411 -0.988217 1
-21.2924 32.3676 -1
0.763652 -2.14127 1
-19.972 33.19 -1
-0.562788 -1.7284 1
-23.4953 36.219 -1
0.549924 0.45033 1
-19.3333 36.3642 -1
-0.186814 -8.83774 1
-19.6231 35.0857 -1
1.42431 0.493445 1
-17.3729 31.8069 -1
1.13875 -0.20754 1
-24.4509 38.9712 -1
1.5151 -1.36887 1
-15.8778 28.6638 -1
-2.68511 -4.32736 1
-18.2854 36.1323 -1
-1.58003 -4.2622 1
-15.5706 32.4219 -1
-1.42626 2.42014 1
-18.1351 37.7822 -1
0.280987 -0.370365 1
-19.5314 33.7234 -1
-2.8962 -1.71199 1
-14.6749 30.2946 -1
4.12366 4.29257 1
-21.4151 36.2823 -1
1.75961 -1.36595 1
-18.7608 35.2896 -1
-1.55577 -0.0773611 1
-18.6382 33.8942 -1
-0.464472 -1.16793 1
-19.5101 33.7671 -1
