100
-6.84116 8.60258 4.79711 1
0.40461 3.09965 -6.72674 1
7.64266 0.251148 6.7069 -1
-8.71712 -2.96474 -5.25346 1
1.59753 -3.14315 -2.13843 1
-8.52788 8.32298 1.04802 1
7.84976 8.01069 -10.4091 -1
8.09784 -6.35492 -4.09392 -1
-3.15241 3.26755 4.68895 -1
-3.75848 8.30419 -0.639796 1
-2.32874 1.81362 -7.90144 1
-3.30531 -4.75052 -1.55095 1
-9.25458 -6.15848 7.36625 1
2.99802 -2.8806 -5.52694 1
-2.01257 -2.93745 1.44257 1
-10.796 0.408239 1.32267 1
2.30607 3.02435 -4.61544 -1
6.93266 -8.56241 9.29785 -1
-5.4583 -10.2151 -2.26361 1
-6.892 7.35848 6.92343 1
3.75145 6.23957 -0.425771 -1
-3.27239 -1.61905 3.45369 1
-4.59542 -4.02023 5.35533 1
-5.43631 -6.53731 -5.89185 1
-10.4204 3.83146 -1.20923 1
7.67555 7.80118 7.20281 -1
-3.66631 -1.22119 -5.81834 1
4.08377 -0.261716 6.66653 -1
3.11871 8.7698 9.11479 -1
-1.97077 1.40095 -3.95881 1
8.46256 -3.55299 1.05621 -1
-0.72387 10.5851 -5.72186 1
-5.38116 0.377417 4.4329 1
7.84145 4.24941 -0.71639 -1
-3.15762 9.32064 1.09084 1
-6.54939 1.66855 -3.77043 1
-2.63704 7.27047 8.54003 -1
6.79775 5.40194 -1.0162 -1
-6.76448 1.84858 -5.99367 1
0.215122 1.11365 2.15615 -1
-8.91711 -4.08456 9.25437 1
-2.77747 -5.96242 -6.3021 1
-8.81803 -0.495253 -1.06864 1
-10.6234 -3.35422 6.18347 1
10.1842 -2.82456 6.44908 -1
8.50511 1.60158 -4.85248 -1
-2.12301 -5.6836 -5.47887 1
-4.31215 0.24875 -0.76429 1
9.63564 -8.22913 8.24283 -1
10.0484 -3.5811 -7.65366 -1
6.27138 8.47398 -7.91804 -1
9.94436 -5.67171 -7.91701 -1
-8.62604 -9.17728 -5.99753 1
-7.02281 3.3896 -0.321406 1
4.82636 -1.11298 10.7251 -1
-4.23717 -7.9745 4.38241 1
-5.11026 7.82614 5.19178 -1
-10.4582 -4.3759 -0.468956 1
-0.160531 8.7613 9.55068 -1
2.02511 0.391728 7.82902 -1
-0.513448 2.76051 -7.03131 1
6.58551 -7.225 -7.69081 -1
-7.62972 1.62181 0.0504575 1
9.84079 -5.69632 -6.41808 -1
-4.47199 6.69273 -0.384447 1
-5.66384 -10.3352 -1.69412 1
2.94096 -5.92988 -0.433142 1
7.4143 9.59691 0.100396 -1
3.18645 0.739986 1.57111 -1
3.60396 2.83099 0.561842 -1
-7.70551 8.58491 -8.56336 1
7.07065 9.34421 -0.305459 -1
-2.48092 1.65429 -3.55105 1
-6.64825 -0.0832525 -0.298959 1
-3.43444 -9.90663 0.500493 1
9.67438 -2.26745 -9.1281 -1
-3.34714 7.28241 -0.0670523 1
-5.63586 0.730374 1.49726 1
-2.61118 -0.893943 -8.77834 1
4.64782 0.746018 -4.5586 -1
-4.46084 -0.667088 -8.14003 1
7.90719 9.21495 -9.87432 -1
-2.48568 -9.02926 7.83442 1
0.602258 9.64466 4.22477 -1
6.59546 0.76006 -2.89725 -1
5.81694 -9.83013 -1.79324 -1
9.50441 -1.42894 7.16273 -1
-5.93952 -7.47514 1.70297 1
-3.21731 1.76951 -6.05873 1
6.15914 9.37538 -1.96754 -1
-6.18818 4.6279 -7.28941 1
-1.09531 0.369619 8.67673 -1
4.78915 6.03513 8.08154 -1
3.82606 -9.30671 5.32494 -1
4.41744 8.24489 3.81334 -1
-6.74417 -0.429121 -1.24597 1
7.70798 -2.67445 1.99547 -1
3.73634 -1.96544 6.07854 -1
4.1555 -1.95084 3.86149 -1
-3.70588 6.4188 6.43288 1
