100
-8.80992 6.55888 6.45161 1
0.381947 -8.57559 -9.55275 -1
4.36887 -5.09787 -8.39403 -1
-9.77895 4.45962 5.70261 1
-7.49879 2.27075 8.72182 1
2.69974 -9.98003 -5.78066 -1
-9.84871 5.7546 5.07077 1
7.595 -9.0027 -7.96532 -1
-4.36674 2.33764 8.55348 1
0.869214 7.4358 8.11277 1
5.55976 -7.53338 -6.28925 -1
-3.51073 8.33678 6.8997 1
6.38416 5.20924 9.53986 1
-5.85525 8.40373 6.28253 1
4.83292 -6.382 -8.80537 -1
-2.70626 7.85244 8.75155 1
5.92317 -8.94831 -7.85809 -1
-4.66519 7.94324 7.13107 1
-9.80085 9.98126 5.73113 1
-4.53179 3.55684 9.20976 1
-0.757984 -4.93872 -9.86402 -1
-8.69301 7.71291 3.98656 1
9.67255 -8.2535 -6.464 -1
4.59128 -2.75434 -9.93961 -1
7.08076 -9.40606 -5.90546 -1
-0.252767 6.39346 9.72039 1
6.52097 -9.15254 -9.08703 -1
3.1845 9.44218 8.16934 1
1.83915 7.32935 8.75819 1
-3.31868 9.87471 8.81385 1
5.70283 5.56265 9.84475 1
3.72517 -4.16127 -9.56815 -1
6.41404 -6.94333 -8.6598 -1
8.83424 -6.20176 -7.53873 -1
9.50056 -8.80854 -6.2325 -1
8.98565 -8.24199 -8.6123 -1
4.26173 -9.64221 -5.68479 -1
-2.75816 -8.94956 -9.60009 -1
-4.22147 8.65527 9.81422 1
4.92288 -8.34393 -8.22764 -1
1.07345 6.57062 7.19127 1
-6.58727 3.70142 6.87418 1
-1.92003 7.70086 7.20209 1
-3.16367 8.32453 5.66062 1
0.510773 -7.48929 -8.12377 -1
0.230643 8.58372 9.71344 1
-4.26577 7.97977 9.60555 1
0.150534 9.82235 9.0997 1
9.54125 -9.44245 -7.77333 -1
9.01391 -8.82224 -9.87026 -1
-2.56234 3.81929 8.74777 1
-8.72208 8.86584 2.85205 1
5.60617 8.71417 9.59026 1
-9.67597 9.48653 3.00308 1
-7.04323 3.89179 8.14377 1
-6.82303 0.564761 9.84611 1
-1.19675 3.72982 8.32273 1
-0.689912 -6.19249 -9.01736 -1
1.99114 6.35329 7.46349 1
-6.84794 8.05547 8.55434 1
3.10299 9.82623 7.40237 1
-8.23603 1.12567 9.9222 1
-0.548411 5.12501 9.67348 1
5.24483 4.66287 9.53518 1
-8.57346 -9.35542 -8.85728 -1
-9.76238 8.7807 7.45135 1
0.171852 4.58521 9.483 1
-0.129753 -6.22963 -9.66053 -1
-3.84596 5.39441 7.19229 1
-2.443 8.93393 8.59099 1
0.0523753 -5.72617 -9.31084 -1
-7.39452 9.78947 3.43594 1
-4.284 4.36644 7.14677 1
5.47539 -9.40122 -9.27853 -1
-8.35532 8.12341 8.2468 1
-9.64222 2.69538 8.25414 1
7.9147 -6.57379 -6.20175 -1
-6.39418 9.95514 7.09928 1
-0.496919 7.338 8.38483 1
-5.3497 -7.88962 -8.79969 -1
8.47161 -9.44661 -8.27129 -1
0.45166 6.00553 7.31672 1
9.61581 -8.39249 -7.10761 -1
-8.60754 6.31554 6.8727 1
-3.47082 2.87363 9.39379 1
-4.74921 1.3471 9.43907 1
6.12104 8.06698 7.85398 1
-5.5363 5.59943 6.71495 1
9.07087 -6.45627 -8.12552 -1
1.50817 -6.91814 -9.49021 -1
-6.28352 6.53805 5.32299 1
1.94161 -8.70903 -7.56997 -1
6.60401 -8.16826 -8.81968 -1
1.65615 -5.01912 -9.62852 -1
9.48361 -7.59384 -8.87598 -1
-4.15677 -9.3701 -9.08671 -1
-8.87353 4.05947 9.62083 1
-2.41242 9.62074 4.53941 1
1.606 5.71347 8.89165 1
-6.95658 9.48964 6.61013 1
