70
-0.911894 -0.178164 1
-7.69564 -9.09269 -1
2.60798 -1.7087 1
-6.26643 -0.385051 -1
-0.732888 -0.584071 1
-13.1811 -6.22396 -1
-0.73757 -0.894627 1
-11.5903 -6.33811 -1
-1.81488 -2.75064 1
-9.45991 -5.00524 -1
-3.79637 -4.77739 1
-8.7117 -5.48139 -1
1.80059 -3.77634 1
-9.84825 -4.80252 -1
0.894162 -0.123611 1
-7.94871 -6.91161 -1
4.03429 3.80351 1
-13.166 -0.70183 -1
10.0933 -8.65256 1
-7.72866 -1.11405 -1
-3.25854 -1.08185 1
-13.4758 5.28036 -1
-0.42469 -0.77963 1
-7.29878 -7.72026 -1
-0.701798 -0.798717 1
-9.37374 -4.82017 -1
-2.96379 -3.24838 1
-9.7402 -4.38813 -1
-4.79161 -1.94525 1
-8.91935 -5.70116 -1
-2.36456 2.6035 1
-3.85604 -7.47228 -1
2.80103 1.3017 1
-10.5134 -5.81062 -1
-1.11451 2.5944 1
-15.4238 -7.00567 -1
-0.693043 -0.507815 1
-9.74603 -2.80662 -1
-6.354 0.178251 1
-4.86121 -8.22247 -1
-0.523707 -0.101265 1
-11.7906 -2.60539 -1
-0.988723 -0.563083 1
-10.0179 -4.16395 -1
0.836877 -2.09301 1
-9.12686 -5.47129 -1
-3.26599 0.837938 1
-2.5394 -6.88233 -1
-5.3255 -2.40267 1
-11.939 -7.71094 -1
1.9118 -5.62061 1
-10.0889 2.42971 -1
2.77003 -4.16733 1
-10.6931 -4.6716 -1
-0.593501 0.0662027 1
-15.2228 0.65848 -1
2.47356 -10.1978 1
-12.719 -3.21154 -1
-0.630433 -0.683103 1
-7.50693 -4.58236 -1
1.8803 4.67652 1
-14.6264 -7.40596 -1
-2.54989 -2.79944 1
-15.3514 0.64887 -1
-1.18465 -0.487252 1
-14.3311 -6.1633 -1
-1.30392 -1.63358 1
-9.72622 -6.26137 -1
-5.5316 -2.707 1
-9.48846 -3.83426 -1
-4.12876 3.54568 1
-13.1259 -6.3178 -1
-1.05835 -0.592199 1
-9.66733 -4.47826 -1
-0.988266 -0.849649 1
-10.0127 -4.28168 -1
1.43463 4.56591 1
-9.82618 -4.95307 -1
-6.35701 -4.16929 1
-14.0858 -7.9571 -1
0.887361 -2.3641 1
-10.1272 -4.85728 -1
-0.848677 -0.502121 1
-10.4488 -3.69956 -1
-1.71835 8.46366 1
-14.6216 -6.11877 -1
-0.0745954 0.219924 1
-9.00229 -8.72742 -1
2.8027 -4.26993 1
-8.82258 -0.699651 -1
-0.495457 -0.856933 1
-9.79698 -4.74895 -1
-3.78746 1.57345 1
-17.8509 7.77029 -1
-6.92877 1.73361 1
-9.49202 -5.39383 -1
1.29359 -2.23907 1
-8.43613 -2.92578 -1
-3.03049 0.951512 1
-14.2935 -5.92466 -1
-0.689385 -3.19516 1
-13.0165 -9.65257 -1
-1.08099 -3.51682 1
-12.1092 -6.04295 -1
-1.34385 -0.596174 1
-7.8908 -8.28746 -1
-2.5695 -5.30619 1
-7.92001 -6.9977 -1
0.73889 3.62667 1
-8.39049 -5.14687 -1
4.79967 -3.24005 1
-9.68615 -5.94638 -1
0.813341 -1.53693 1
-11.4431 -2.42997 -1
-1.61912 -1.73026 1
-10.7911 -10.1416 -1
-2.73959 -2.5343 1
-13.4347 -3.33327 -1
-2.49419 -7.09482 1
-12.6635 3.65655 -1
1.08165 -4.86718 1
-9.78564 -4.42169 -1
-4.0101 3.16977 1
-13.614 -3.7101 -1
-0.0495682 -1.22172 1
-9.31564 -4.20314 -1
-4.79084 -9.11486 1
-11.945 -2.02009 -1
2.69492 -9.90312 1
-13.3327 -6.49571 -1
-5.5103 -2.65483 1
-12.778 -14.5128 -1
-4.04583 -4.50262 1
-9.92138 -3.43364 -1
0.34378 0.118078 1
-14.687 -0.590595 -1
-3.38066 2.88681 1
-8.18233 -2.54336 -1
-4.80114 2.6876 1
-9.53368 -2.66342 -1
