100
-3.8579 -0.612852 1
-0.959506 -2.73558 -1
-10.9535 -2.13839 1
7.24799 -8.6103 -1
8.36788 -8.65222 -1
-8.60715 7.35803 1
1.9245 -6.15165 -1
-0.57043 2.45969 1
-9.50096 -3.79025 1
5.02488 3.71138 1
-7.22411 -8.35728 -1
-8.39828 -9.36471 -1
-9.70759 -6.64659 -1
9.24413 3.47996 -1
4.36306 4.09842 1
-4.81557 -3.01215 -1
2.65195 -8.22945 -1
6.15566 -9.06148 -1
-7.9649 10.0457 1
8.64674 -5.46621 -1
-2.4299 8.02982 1
0.53594 -5.77132 -1
5.36751 2.01859 -1
7.67865 -0.716823 -1
-0.134681 -5.20108 -1
-4.4781 8.73187 1
10.5102 8.13647 1
-7.36616 -10.5998 -1
10.0129 -5.14007 -1
-4.44918 7.79602 1
-1.88315 -3.11522 -1
6.69536 5.09109 1
6.6641 5.40086 1
5.38915 5.84796 1
3.94211 -3.62153 -1
-3.76293 2.99162 1
6.37287 -5.13176 -1
-9.7009 4.42622 1
-6.114 3.15682 1
-4.48203 1.82497 1
-4.02894 -10.042 -1
5.75786 10.2115 1
-4.45211 -1.86218 1
-6.03178 2.15723 1
5.35388 5.22561 1
1.58023 -0.222942 1
-7.08091 9.96848 1
3.1179 -9.35756 -1
-8.58667 -10.4149 -1
-10.4017 6.14674 1
-4.4754 1.14189 1
-8.29709 5.83242 1
1.29971 1.81617 1
-8.29451 5.68289 1
3.55903 0.614487 -1
0.0834151 -2.47139 -1
-0.832015 -4.65804 -1
-7.57618 2.96059 1
-8.81381 3.55207 1
-2.69039 -3.91775 -1
7.87382 -1.75949 -1
-5.0657 -9.67491 -1
-0.270772 8.22764 1
-1.55369 -1.01628 1
5.65124 7.81767 1
1.01642 -9.42287 -1
2.63655 -6.72512 -1
-3.76016 3.50853 1
-6.8068 -3.39137 1
0.380188 -3.73405 -1
-3.3376 -2.23317 1
8.22727 2.62369 -1
-0.291236 6.40003 1
7.89656 5.97823 1
6.94173 0.882688 -1
-5.44295 7.07629 1
-4.42052 2.11302 1
7.38507 -8.44006 -1
-0.210307 6.06175 1
-1.27742 -3.25782 -1
-6.51723 1.54414 1
-5.67396 4.94676 1
-5.3962 -2.65421 1
-5.07356 7.75155 1
-2.76723 2.67365 1
3.78744 7.71756 1
4.0258 -1.26149 -1
5.20069 4.29121 -1
-7.16143 7.43797 1
3.92058 7.46801 1
-5.13307 9.01894 1
5.12629 -3.70419 -1
8.88519 -6.4315 -1
-8.20047 -8.5053 -1
-2.03629 0.901077 1
-7.16659 1.62169 1
-0.410268 0.579076 -1
-2.61413 -4.98144 -1
-5.34929 -3.40654 1
2.81626 -9.06036 -1
