100
-6.82414 4.04054 1
9.83925 -2.1255 -1
-7.85109 -1.45691 1
3.38752 -7.35624 -1
0.894731 5.40728 1
-6.47821 5.97428 1
2.85244 2.67656 1
-9.91447 1.62954 1
-4.32992 3.04484 1
8.18148 -6.93174 -1
2.70311 6.82011 1
2.22738 -7.83688 -1
8.1374 8.49263 1
1.16919 -3.27297 -1
8.35657 -1.73696 -1
-8.69212 -9.54237 -1
-4.70451 -8.05382 -1
4.07774 9.32499 1
7.52726 -3.9026 -1
2.82443 -6.65111 -1
1.61193 4.46728 1
4.92491 -5.25638 -1
2.46107 -9.55747 -1
0.720033 4.15096 1
-6.28967 4.79552 1
-4.70728 1.35741 1
-9.94614 1.13863 1
-7.68038 -8.89672 -1
-7.72911 -0.829869 1
-0.387341 5.05394 1
-0.795097 -4.31239 -1
-9.51687 5.29298 1
-2.49022 3.64077 1
9.78324 -4.27545 -1
-4.27042 9.28223 1
6.8095 -5.59905 -1
3.57108 -9.14841 -1
5.90554 8.78218 1
-5.53021 -8.33323 -1
6.95975 -3.62627 -1
0.293504 9.79774 1
-0.927675 6.39103 1
6.59291 -6.65216 -1
-7.57178 7.42222 1
-9.39404 -7.05085 -1
-1.94041 9.49254 1
-5.55453 -7.25108 -1
-2.78156 2.47349 1
2.27123 9.31002 1
-9.20626 2.29396 1
8.48598 7.08246 1
3.32303 -7.32693 -1
-3.20453 6.53833 1
-7.37641 2.28379 1
5.99546 -7.448 -1
-9.93605 9.8273 1
-8.82914 9.6551 1
-3.39051 0.435045 1
5.96464 -8.80186 -1
-0.456074 8.14514 1
0.729775 -6.39471 -1
8.68787 -4.33849 -1
-3.92876 4.2596 1
-0.793291 -4.13623 -1
6.29881 -1.68254 -1
-0.484401 5.84246 1
3.9876 7.68853 1
0.780704 9.9817 1
-3.77436 -7.92514 -1
6.33446 -8.41339 -1
-5.43811 2.41173 1
-5.32482 -0.488295 1
-1.42877 8.88474 1
-6.39789 -9.63564 -1
-9.65394 -7.10986 -1
-5.035 -8.14583 -1
-6.55922 8.40756 1
-3.64426 1.71514 1
5.86355 -4.33303 -1
-5.44829 -4.799 -1
-4.43463 -9.4314 -1
-6.54126 6.31548 1
-0.276799 -8.38956 -1
6.28753 6.91251 1
3.75509 -5.14134 -1
-0.706558 9.61615 1
-2.23004 0.651924 1
6.56335 -7.23143 -1
1.19231 -5.20827 -1
-3.59783 0.15743 1
-2.93006 1.12069 1
-9.87268 4.32807 1
9.18673 -9.84051 -1
9.77564 8.85451 1
-0.493564 -3.46878 -1
-0.700207 -5.52573 -1
-0.734003 5.51444 1
-4.32813 -6.40505 -1
4.71563 -6.30919 -1
-1.27464 7.2056 1
