-0.0902412 -0.0180943
-0.296629 -0.0618344
-0.228381 0.210446
0.00538034 0.0700012
-0.254379 -0.109196
0.168129 0.10589
0.148879 0.116987
-0.2097 0.287506
-0.0487054 0.229707
-0.108281 0.249836
0.327679 0.232765
-0.10744 0.223004
0.216718 0.145448
0.215809 0.15433
0.178725 0.167149
-0.0874788 0.0852526
-0.260195 0.126385
-0.155864 0.0899892
-0.108395 0.0518026
0.189449 0.29226
-0.107525 -0.0539149
-0.153472 0.0613291
0.177699 0.149305
0.0679359 -0.00691488
-0.183988 0.285292
-0.280579 0.175716
-0.108202 0.0322174
-0.219362 0.166704
0.0597765 0.0515503
-0.219287 0.162416
-0.198394 0.0843629
-0.234392 0.101322
0.0140964 0.235379
-0.0232194 -0.0296614
0.186348 0.223625
-0.0873983 0.100073
-0.176015 -0.0977596
-0.0751074 -0.0645519
0.0135012 0.182978
0.251657 0.170884
-0.136345 0.202368
-0.106606 0.0600615
0.0158551 0.173279
-0.167592 0.0437507
-0.143064 0.14131
-0.134985 -0.0766239
-0.125601 0.221729
-0.0585173 0.0761358
0.132136 0.220754
-0.18633 0.212738
0.136009 0.213599
-0.127332 0.258067
-0.0372566 0.0253129
-0.18648 0.0459742
-0.133621 -0.0981946
