0.14741 0.175388 -0.060545
0.147529 0.246434 0.284836
-0.0772698 0.192927 -0.0695574
-0.230038 0.0833953 -0.302274
-0.130434 0.169284 0.276606
-0.0586268 0.231538 0.0775395
-0.126639 0.019723 -0.0738824
-0.00644701 0.26785 0.0511757
-0.258773 -0.146105 0.242085
0.103517 0.305122 -0.138339
-0.0763831 0.259902 0.220458
-0.2686 0.27355 0.175423
-0.272974 0.0534974 -0.237936
-0.0504104 0.0630243 0.122485
-0.250224 -0.0221494 0.0974963
0.134928 -0.0792473 0.32008
-0.214701 0.053368 -0.134687
-0.174838 0.0238485 0.286612
0.119116 0.220427 -0.117978
-0.214102 0.200962 -0.24071
-0.184258 -0.18394 0.239781
-0.0881011 -0.157532 0.190015
-0.188032 0.157342 0.238444
0.0703694 0.0650544 0.245512
-0.252528 0.0991954 0.229805
-0.155896 0.275319 0.192584
0.0397926 0.114326 0.295654
0.122901 0.199274 0.197816
0.174599 0.242118 0.234067
-0.240124 -0.117286 0.0930497
-0.145914 0.228807 -0.331622
-0.262396 -0.0526404 0.163118
-0.0911116 0.168295 -0.210079
0.183162 0.260081 -0.0675204
-0.220074 0.146479 0.200996
0.121292 0.154773 -0.0944084
-0.174857 0.0451182 0.0428336
-0.0158213 -0.035346 0.242368
-0.223667 -0.0648243 0.071048
0.0903547 -0.0205121 0.251064
0.04611 0.203934 -0.0308071
0.259043 0.274163 -0.191281
0.290816 0.0682876 0.209926
0.150128 0.0378261 0.259564
0.12132 0.0981197 0.0877156
-0.148679 -0.0343088 -0.0250633
-0.254761 -0.150482 0.100138
-0.051713 0.217904 0.113509
0.00367295 0.25287 -0.103954
0.171427 0.137152 0.100094
-0.150308 0.196306 0.15458
