-0.235907 0.10445 0.0772882
-0.263315 0.0650726 0.0656529
-0.198824 0.0240141 0.112555
-0.265288 0.0893636 0.0558377
-0.110238 0.0252688 0.10994
0.0378535 0.120899 0.103093
-0.0860271 0.1378 0.0842491
0.193836 0.0791338 0.125262
-0.152339 0.139056 0.0746617
-0.0632738 0.128715 0.113017
-0.118679 0.130418 0.0878433
-0.263934 0.168647 0.066096
-0.114906 0.0481384 0.120135
-0.232601 0.126097 0.0389951
0.00611985 0.101347 0.128067
0.103338 0.158535 0.103972
0.0652868 0.118902 0.11312
-0.0805952 0.166648 0.113984
0.174566 0.085763 0.129999
-0.106129 0.143774 0.129525
0.04363 0.10467 0.0887784
-0.173043 0.0508504 0.0838526
-0.0410364 0.125871 0.0889465
-0.076211 0.13757 0.0650006
0.0197924 0.142432 0.127959
-0.107382 0.131103 0.126283
0.0175267 0.165666 0.118425
-0.0592032 0.0530614 0.112958
-0.233423 0.147724 0.0213711
0.171832 0.144879 0.126045
-0.260402 0.159366 0.0237172
-0.185939 0.0544213 0.103575
-0.179711 -0.00798654 0.13002
-0.0205794 0.0513831 0.106355
0.0695856 0.100594 0.0930072
-0.180415 0.132523 0.109953
0.101033 0.165739 0.0920578
-0.219676 0.00253489 0.131202
-0.00224203 0.0775538 0.127338
0.161612 0.0688851 0.12519
-0.262846 0.146127 0.0928186
0.0181296 0.0674284 0.124379
-0.0955086 0.0826072 0.0887943
-0.0558278 0.149001 0.110522
-0.195875 0.165049 0.0304415
-0.107898 0.0633247 0.0880872
-0.22305 0.133797 0.105176
-0.259448 0.0319792 0.10529
-0.167581 0.168157 0.0873494
-0.000785648 0.119065 0.10732
0.0260436 0.0940705 0.0907272
-0.230183 0.0998856 0.0838296
-0.0848983 0.0353228 0.122993
-0.121056 0.00668844 0.123697
0.186394 0.132739 0.0990733
-0.143318 0.0864529 0.0813791
-0.164452 0.104059 0.0597557
-0.237706 0.0575666 0.12652
-0.0549629 0.161884 0.0475833
0.0586925 0.0885921 0.115193
-0.183488 0.159425 0.0797508
