0.148339 0.237174
0.107926 0.259563
0.236059 0.0748821
0.252589 0.165523
0.237666 0.0991005
0.166979 0.258406
0.161946 0.135043
0.12347 -0.174337
0.176548 -0.195898
0.19984 0.0463986
0.0245337 0.223202
0.000598861 0.0444686
0.166867 -0.251816
0.237837 -0.210058
0.0733567 -0.0429548
0.218223 0.233083
0.118147 -0.134472
0.204244 -0.186555
0.0037794 0.0211582
0.177809 -0.224744
-0.0662251 0.161559
0.119456 0.245425
0.0997306 -0.145314
0.220695 -0.104349
0.18729 -0.0394283
0.0435805 -0.0295273
0.191686 0.0839339
0.0926327 -0.0383405
-0.0307297 0.227552
0.183688 0.201952
0.0915035 0.113063
0.13309 0.102007
0.182841 0.0925508
0.0816638 -0.0885718
0.199397 -0.216849
-0.0510134 0.222105
0.196876 0.149464
0.190826 0.222029
0.0139459 0.0143823
0.0382129 0.239404
0.129102 0.0704189
0.227133 0.193476
0.0604483 -0.0271547
0.232782 0.128714
0.0914301 -0.10577
0.208926 0.0216635
0.178969 0.230416
0.18643 -0.00272728
-0.0569466 0.179047
