0.134941 0.229534
0.241988 0.100566
0.140385 0.195331
0.140242 0.169163
0.107479 0.0127692
0.0472176 -0.158011
0.217433 -0.0736595
0.189867 0.234131
0.285365 0.565043
0.469632 -0.484545
0.0635742 0.153387
0.149758 0.178853
0.14133 0.177244
0.0725382 -0.0291719
0.0169502 0.0806339
0.0907621 0.463926
0.247859 0.354232
0.128779 0.463159
0.141596 0.201757
-0.0305654 0.259567
0.146746 0.236014
0.132604 0.1971
0.188125 0.0681832
0.0633476 0.315154
0.000713494 0.0420903
0.220815 -0.229064
0.246916 -0.106606
0.144624 0.250125
0.2379 -0.614752
0.143501 0.186986
0.219857 0.638605
0.0851258 0.00865716
0.126646 0.203489
0.123018 0.106896
-0.00555445 0.0164464
