0.0992475 -0.0577665
0.0984674 -0.0671981
0.0943279 -0.0562358
0.0946014 -0.0564461
0.0882112 -0.0490556
0.146042 -0.0564346
0.0869611 -0.0437495
0.0830689 -0.0595601
0.159755 -0.0585165
0.0747918 -0.0989434
0.111283 -0.0628955
0.0978174 -0.0555937
0.0952791 -0.0561003
0.0710777 -0.0634816
0.130476 -0.048143
0.0906506 -0.0440792
0.135482 -0.0558304
0.0895686 -0.0668356
0.0972995 -0.0567213
0.039691 -0.0542797
0.100676 -0.0575543
0.0988632 -0.0554624
0.0997003 -0.0625856
0.0709648 -0.0507341
0.0750539 -0.0706031
0.0472356 -0.0482139
0.0523718 -0.0496754
0.0898001 -0.0577959
0.0358054 -0.0305735
0.0953172 -0.056007
0.151367 -0.0625929
0.120957 -0.052465
0.0933565 -0.054474
0.0866087 -0.0578909
0.143648 -0.0497442
0.135782 -0.0440447
0.0976212 -0.0573345
0.0983209 -0.056858
0.0976762 -0.0375903
0.1279 -0.0373338
0.11224 -0.0511794
0.0963122 -0.05517
0.0300551 -0.0768606
0.107018 -0.056265
0.0627921 -0.0443372
0.0960904 -0.0568094
0.0681568 -0.0474958
0.0392325 -0.0673301
0.106958 -0.0632746
0.0754867 -0.0495565
