0.21191 0.120657 -0.37965
0.17329 0.127845 -0.505653
0.204916 0.118197 -0.370326
0.207143 0.119246 -0.364352
0.203866 0.128925 -0.448448
0.204252 0.0901608 -0.341603
0.141195 0.120211 -0.437744
0.211328 0.109829 -0.386286
0.274352 0.142288 -0.539915
0.223776 0.0771349 0.299137
0.229041 0.130423 -0.320832
0.203485 0.119344 -0.375423
0.205756 0.118854 -0.361073
0.200595 0.11499 -0.163768
0.18568 0.105903 -0.155745
0.154367 0.131589 -0.390116
0.265768 0.109769 -0.301413
0.220025 0.113992 -0.549582
0.203267 0.119967 -0.361006
0.247558 0.0896603 -0.374379
0.214924 0.118604 -0.37896
0.207336 0.119558 -0.344732
0.171517 0.121129 -0.336082
0.16139 0.10957 -0.338399
0.169206 0.137581 -0.184026
0.24774 0.140489 -0.544439
0.131867 0.128971 -0.453043
0.194808 0.118021 -0.395388
0.087442 0.107234 0.0540813
0.205023 0.118382 -0.361617
0.251453 0.0984488 -0.596861
0.189648 0.11196 -0.22181
0.205198 0.12118 -0.34014
0.200328 0.124068 -0.33323
0.271153 0.0994635 -0.312161
0.124416 0.113116 -0.525285
0.209371 0.119858 -0.34792
0.203852 0.117125 -0.353159
0.163243 0.131315 -0.0834772
0.120288 0.111202 -0.616679
0.180891 0.118315 -0.468413
0.206037 0.117632 -0.374513
0.309 0.0889362 -0.0902202
0.215208 0.116036 -0.411407
0.142511 0.125951 -0.175396
0.202185 0.118385 -0.370651
0.143824 0.123308 -0.442894
0.308338 0.126667 -0.519089
0.230543 0.129187 -0.400758
0.190805 0.117928 -0.528751
