-0.108688 -0.0548109 0.0830568
0.165903 -0.0608976 0.0859451
-0.142337 -0.056694 0.085111
-0.153302 -0.0560118 0.0850116
0.012275 -0.0521645 0.0753965
-0.540534 -0.062047 0.062886
0.00944802 -0.0518703 0.109799
-0.261335 -0.0582297 0.0756445
-0.619585 -0.071566 0.0903015
0.534209 -0.0933257 0.115026
-0.268851 -0.061948 0.0966676
-0.122408 -0.0562756 0.0844554
-0.146233 -0.0564671 0.0845734
0.154308 -0.0609989 0.0897418
-0.33577 -0.0668841 0.0661615
0.0101473 -0.0576452 0.05817
-0.469305 -0.057704 0.0660096
-0.358513 -0.050103 0.0984124
-0.142174 -0.056965 0.0852516
-0.263064 -0.0406853 0.109587
-0.15422 -0.0575268 0.0884062
-0.166432 -0.0568894 0.0821035
-0.175185 -0.0534098 0.0980714
-0.109483 -0.0539156 0.106613
0.252516 -0.0657562 0.0772634
-0.352118 -0.0428305 0.109342
-0.551659 -0.0636766 0.0962566
-0.143394 -0.0588433 0.0812824
-0.53224 -0.0586228 0.0137159
-0.146985 -0.0565353 0.0845159
0.18528 -0.0734565 0.0835585
-0.314411 -0.0629462 0.0927735
-0.186906 -0.0571643 0.0815806
-0.224859 -0.058881 0.0858043
0.204483 -0.0476663 0.106621
-0.488688 -0.0575059 0.0511897
-0.126319 -0.0570186 0.0818005
-0.165677 -0.0557106 0.0825998
-0.142599 -0.0536749 0.040654
-0.584324 -0.0605806 0.12113
-0.321036 -0.060264 0.090645
-0.136421 -0.0562215 0.0820292
-0.923522 -0.0406168 0.0693186
-0.236015 -0.0561454 0.0788532
0.341033 -0.0585814 0.0845875
-0.135764 -0.05589 0.0832254
0.075463 -0.0642137 0.0672164
-0.246949 -0.0517587 0.134199
0.00428276 -0.0498411 0.0875903
0.0921925 -0.0592726 0.0947423
