-0.190552 0.0983566
-0.222131 -0.0318561
0.0468009 0.130729
-0.179915 0.144159
0.107 0.0660493
-0.285579 0.0412496
-0.113856 0.0747724
0.102408 0.164194
0.269511 0.203809
0.144678 0.223524
0.0688546 0.108464
0.041429 0.100972
-0.174117 0.116239
-0.125459 0.0348039
-0.286553 0.0296219
-0.21838 -0.017004
0.00737754 0.12236
-0.273353 0.128022
-0.0572854 0.0888876
-0.112026 0.222511
0.200882 0.210667
0.0283133 0.234722
-0.00923758 0.15403
-0.213542 0.178455
-0.0403789 0.227493
-0.066244 0.0612394
0.0891279 0.22317
-0.263802 0.056987
0.28023 0.170408
-0.0792502 0.157519
-0.207534 0.0567461
-0.286243 0.235422
-0.252205 0.231343
-0.0849691 0.0129567
0.00526402 0.195578
-0.10152 0.103545
0.00439297 0.141037
0.141906 0.184763
0.0432946 0.239079
-0.147932 0.0597765
-0.144449 -0.00891351
-0.0246461 0.213096
-0.182406 0.201794
-0.0927718 0.0432771
-0.181854 0.152241
0.212628 0.166382
-0.00243829 0.230421
-0.0492849 0.0180937
-0.0913441 0.00638114
-0.0708104 0.0291969
-0.284294 0.105167
0.319886 0.21238
-0.00328222 0.133267
-0.0199067 0.173324
