-0.175383 0.242491 0.155496
0.0163671 0.0783524 -0.216022
-0.225027 -0.102533 -0.168525
0.0479361 -0.107854 -0.068099
-0.22002 0.234151 0.0346291
-0.0938036 0.233591 -0.0197845
-0.0559674 0.0399934 -0.253893
-0.0818111 -0.155798 -0.0491592
-0.239251 -0.197794 0.238323
0.0849983 -0.100023 -0.177341
-0.0476004 -0.101719 0.047349
-0.280042 -0.00192553 0.0434835
-0.138787 -0.318793 -0.0721347
-0.176728 0.205383 0.224047
-0.0809399 -0.0623944 0.112186
-0.115952 -0.134016 0.173493
-0.138205 -0.209094 -0.189106
-0.270103 0.10018 -0.0381425
-0.0913645 -0.0505273 -0.186736
-0.0464942 0.0276845 -0.126786
-0.0134967 0.301624 -0.183625
-0.136746 -0.00284487 0.143754
-0.0779026 0.263909 0.0360096
-0.167661 0.0356664 -0.120713
-0.173353 0.0410362 -0.192388
-0.23032 -0.135934 0.299194
-0.0678425 -0.191946 -0.202332
-0.227698 -0.0288744 -0.03361
-0.275475 -0.11415 0.200191
-0.0505231 -0.18363 -0.175792
-0.108456 -0.00668268 -0.023798
-0.222617 -0.287837 -0.192513
-0.18019 0.0870009 -0.00951989
-0.106472 -0.251961 0.142127
-0.271103 -0.144624 -0.0142768
-0.00792812 0.0682368 -0.225841
-0.196251 0.0342722 0.00246863
-0.112686 0.185525 -0.0115523
-0.144226 -0.322375 -0.0537749
0.0834882 -0.190976 -0.0131222
-0.198257 0.241964 -0.275233
-0.0599947 0.035241 -0.113641
-0.170278 -0.0165855 -0.00879622
-0.0852283 -0.309592 0.0169773
-0.082918 0.203114 -0.00131977
-0.143486 0.00768294 0.0491122
-0.0634418 -0.0407663 -0.282163
-0.112391 -0.0339998 -0.261585
-0.0601206 -0.283422 0.253416
-0.151522 -0.237067 0.0557441
-0.0794823 0.0386777 -0.194486
-0.158102 0.123936 -0.234162
-0.172816 -0.0269019 -0.0393269
-0.0924116 0.177354 0.208232
