-0.00593659 -0.0789569
0.232792 -0.247396
0.265366 -0.248598
0.0779495 -0.176902
-0.188153 -0.240142
-0.222306 -0.269026
-0.260389 -0.191093
0.290853 0.0992543
-0.118097 -0.0868867
0.0991086 -0.236476
0.20102 -0.260332
0.273477 -0.157249
0.037561 -0.165997
0.178095 0.057354
0.245319 -0.0210754
0.0180548 -0.149647
-0.192285 -0.304439
0.313214 -0.147898
-0.0328023 -0.0898419
0.136635 -0.104359
0.207338 -0.14766
-0.0952162 -0.288446
0.112662 -0.268821
-0.227785 -0.299137
0.125493 0.0170958
0.0243985 -0.0713821
-0.0022283 -0.134077
-0.0562822 -0.112852
0.250995 -0.0509706
-0.125372 -0.277921
0.0515365 -0.270694
0.0986607 -0.193345
0.0330306 -0.107585
0.261276 0.0747034
0.223884 0.0247856
0.236779 -0.242515
-0.0151836 -0.0939305
0.139069 -0.036692
0.173243 0.122514
0.171079 -0.106729
0.280413 -0.184926
-0.216552 -0.244386
0.0100389 0.0160805
-0.0540641 -0.14335
0.103888 -0.2603
