0.207913 -0.00661116 0.217066
0.213393 0.224836 -0.334737
0.219958 -0.203653 -0.131142
-0.0777648 0.0833605 0.152009
0.0666867 0.0761064 -0.147955
0.189123 -0.269497 0.300596
0.104937 0.172008 -0.0128845
0.208783 0.218587 0.233054
0.113731 -0.0219086 0.215764
0.0881922 0.247479 0.294694
0.22961 -0.120079 0.0348931
0.213173 0.112647 -0.0222538
-0.0641262 0.202757 0.276164
0.185553 0.147024 -0.0319194
0.0113525 0.0191151 0.0703541
0.275171 -0.0983517 0.208754
0.230736 0.0336688 -0.155597
0.260654 -0.259556 0.266583
0.271577 -0.120917 -0.245905
0.171623 0.238655 -0.254428
0.268824 -0.183275 -0.254395
0.133383 -0.0472996 0.346609
-0.129577 0.219332 0.16822
0.00141137 0.247225 0.308747
0.0592515 -0.00241801 0.253242
0.179936 -0.229606 -0.247102
0.266083 -0.184009 -0.206071
0.201869 0.272149 0.0040786
0.0899848 0.00796964 0.051493
0.101034 0.070339 0.0189552
0.192775 0.264612 -0.00900577
0.261679 -0.0817346 -0.293439
0.128658 0.00814956 -0.146123
0.214913 0.260756 -0.317497
0.0215976 0.273574 0.137044
0.1802 0.0085684 -0.0925626
0.159597 -0.30731 -0.0569704
0.257181 -0.0567239 0.231761
0.168653 0.265542 -0.0625897
-0.0233263 -0.00307747 0.280571
0.132398 0.16591 0.261383
0.106911 -0.291698 0.172513
0.122561 0.231822 0.12378
0.209641 -0.0938743 0.065174
0.104537 -0.0727264 0.196808
0.115629 -0.0722909 0.125333
