0.236793 0.0650881 -0.12102
0.533732 0.04625 -0.0949328
0.00417251 0.0696295 -0.0891983
0.0567737 0.065438 -0.0716848
0.266622 0.0576101 -0.0849926
0.310174 0.063262 -0.07761
0.211081 0.0570957 -0.0834399
-0.00917969 0.0503303 -0.0918288
0.477069 0.0708425 -0.0905189
0.0704209 0.0479051 -0.0957215
0.8011 0.0414071 -0.12855
-0.115763 0.0477324 -0.0853908
0.228895 0.059067 -0.0755475
0.175136 0.0578104 -0.0807824
0.232852 0.0613391 -0.0688205
-0.167919 0.0716838 -0.0450098
0.117575 0.0617008 -0.0717032
0.163907 0.0413435 -0.106632
0.314563 0.0578351 -0.0853716
-0.417582 0.0584401 -0.0623403
0.182814 0.0661758 -0.0899662
0.184686 0.0591231 -0.0816718
0.250835 0.0562124 -0.0726426
0.604716 0.0661293 -0.131277
0.414425 0.056776 -0.106246
0.489314 0.0593389 -0.0366039
0.121369 0.0575327 -0.0835221
0.289361 0.0350691 -0.0894488
0.332198 0.0659969 -0.0917019
-0.050024 0.0624698 -0.0808862
-0.106655 0.0497997 -0.0515069
0.20623 0.0718562 -0.128791
0.183307 0.0498661 -0.0518313
0.0443036 0.0559777 -0.0719861
0.231544 0.0599046 -0.0848066
-0.0503577 0.0625724 -0.0611304
0.219467 0.0583048 -0.083835
0.188285 0.0590526 -0.0823998
0.121313 0.0598471 -0.0847128
-0.15953 0.0610945 -0.114349
0.2388 0.0581049 -0.0839856
0.238151 0.0581472 -0.0836389
0.344722 0.0725437 -0.101119
0.502105 0.0549881 -0.106188
0.160589 0.0530229 -0.0565835
0.203556 0.0582835 -0.0859566
-0.990048 0.0341968 -0.108787
0.278756 0.0603419 -0.088152
0.0523306 0.0636525 -0.0877154
0.238779 0.0505182 -0.0523602
