0.110685 -0.0056475 -0.0912051
0.244743 -0.253136 0.108073
0.195176 0.116005 -0.17304
-0.08225 0.112134 -0.321139
-0.230092 -0.283943 -0.122367
0.138106 -0.196724 0.111185
0.222881 -0.180409 -0.132934
-0.200068 -0.215208 -0.144754
0.129244 0.105236 -0.200487
0.119974 -0.206447 -0.213355
-0.076021 -0.232154 0.220606
0.00225356 -0.137059 -0.272912
-0.205855 -0.272635 -0.108177
0.280909 0.0803893 -0.0293618
0.237135 -0.123434 -0.309345
0.244699 0.0176489 -0.0578311
0.0551765 0.0177535 -0.0900145
0.198606 -0.0644324 0.0642001
0.264752 0.00712069 -0.0792854
0.00509094 -0.137313 -0.0519857
-0.0466985 -0.178263 -0.00514323
-0.0215664 -0.252906 -0.165254
-0.00682734 -0.25278 0.0321535
-0.106657 -0.105735 -0.218291
-0.0817815 -0.232883 -0.300672
-0.24054 -0.105912 -0.32312
0.093693 -0.266782 -0.229086
0.0873456 0.00173601 -0.0166286
0.224208 0.199221 -0.203126
0.187303 0.000336601 0.013725
0.290258 -0.101957 0.0626675
0.0348597 -0.184654 0.0997982
-0.145765 -0.241681 -0.00151249
-0.24965 -0.233379 -0.121677
0.00122925 -0.178016 0.0186608
-0.0828068 -0.117311 -0.116086
0.0686309 -0.0561007 -0.00515426
0.256535 0.0506815 0.0678754
0.0963456 -0.052005 -0.238377
0.0675968 -0.240911 -0.135432
0.281271 0.0208562 -0.128314
0.125999 -0.200045 0.319971
0.15838 -0.209299 -0.204426
0.218058 -0.0533109 -0.0986305
-0.129552 -0.2855 0.148221
-0.126039 -0.21379 -0.0714801
0.201438 0.206149 -0.28916
-0.00858711 0.00844302 -0.135592
-0.0406133 -0.290563 0.260385
