-0.1571 -0.101918 0.129434
-0.237139 -0.101585 0.554849
-0.238774 -0.134269 0.277258
-0.190101 -0.107411 0.421595
-0.184209 -0.124666 0.343082
-0.212806 -0.127226 0.409662
-0.188661 -0.117768 0.358166
-0.187095 -0.13834 0.278526
-0.136671 -0.102582 0.355714
-0.2477 -0.124588 0.485905
-0.330032 -0.101914 0.0265995
-0.237435 -0.0994469 0.33793
-0.206281 -0.124016 0.364766
-0.200205 -0.121452 0.360567
-0.188682 -0.110122 0.350076
-0.239358 -0.0958824 0.639885
-0.175165 -0.114259 0.324506
-0.265752 -0.132775 0.582965
-0.193162 -0.124779 0.421454
-0.287883 -0.1408 0.413949
-0.22138 -0.130269 0.321456
-0.195248 -0.120601 0.352634
-0.169972 -0.119174 0.322123
-0.201975 -0.100976 0.779361
-0.238899 -0.10811 0.479241
-0.171147 -0.127987 -0.0287095
-0.182721 -0.119071 0.343303
-0.279048 -0.106177 0.0816826
-0.216569 -0.134172 0.303579
-0.198126 -0.129215 0.227594
-0.249121 -0.143665 0.475074
-0.0955484 -0.0968792 0.349571
-0.237053 -0.13706 0.514478
-0.23098 -0.119975 0.368427
-0.19445 -0.117477 0.325626
-0.186755 -0.105703 0.50542
-0.202619 -0.121596 0.342046
-0.19509 -0.120952 0.351774
-0.202959 -0.118048 0.37999
-0.184078 -0.0899467 0.387322
-0.191892 -0.122909 0.377235
-0.186988 -0.122683 0.349384
-0.186864 -0.129635 0.072072
-0.123254 -0.123657 0.236724
-0.191097 -0.100048 0.308936
-0.189754 -0.122709 0.368861
0.0210465 -0.0928275 0.0777879
-0.210982 -0.116148 0.314935
-0.180645 -0.115166 0.446574
-0.232733 -0.0999677 0.452203
