0.321842 -0.0476924
0.123453 -0.171588
0.270866 -0.161533
0.0877795 -0.182972
0.0552404 -0.0748714
0.27625 -0.0384894
-0.247992 -0.223369
-0.125374 -0.188111
0.250749 -0.0897848
0.106139 -0.154886
0.170728 -0.12185
0.0949654 -0.223726
-0.216881 -0.208076
-0.00516084 -0.0994911
0.32012 -0.0986161
0.228678 -0.129967
0.129098 -0.214037
-0.150764 -0.194729
0.233299 -0.0832397
0.222018 -0.154911
-0.269576 -0.164354
-0.151512 -0.169097
0.12147 -0.170894
0.203647 -0.173761
0.202699 -0.205829
0.0417286 -0.148813
0.286438 -0.100109
-0.00510531 -0.0953186
0.212975 -0.0372004
-0.0967724 -0.185063
0.214071 -0.196627
-0.177445 -0.225578
-0.277568 -0.165752
-0.135537 -0.19029
0.199591 -0.09998
-0.148245 -0.111017
-0.117075 -0.22074
0.0107767 -0.196063
0.134756 -0.119126
0.221109 -0.168632
0.0559514 -0.120711
0.301778 -0.23043
0.00411121 -0.0795093
-0.002243 -0.12823
-0.113801 -0.149058
0.164293 -0.146787
