0.0240719 -0.17944 -0.171331
0.136836 -0.114205 -0.153331
0.0896274 -0.205784 -0.112733
0.228083 -0.187451 -0.146671
0.170519 -0.15989 -0.120634
0.149961 -0.138293 -0.15972
0.180798 -0.186431 -0.145005
-0.00816951 -0.11122 -0.176166
0.286844 -0.173398 -0.123349
0.143127 -0.0702457 -0.17734
0.213538 -0.195018 -0.114672
0.197706 -0.190262 -0.164096
0.11863 -0.0966366 -0.17157
0.194681 -0.148822 -0.157459
0.263133 -0.134912 -0.140044
0.281979 -0.183809 -0.119752
0.267416 -0.173182 -0.156721
0.133806 -0.199447 -0.111244
-0.0647417 -0.186455 -0.172066
0.152506 -0.175094 -0.150746
0.0277155 -0.159063 -0.149132
0.28313 -0.1957 -0.143688
0.268215 -0.184066 -0.176263
-0.00624419 -0.134738 -0.163014
-0.229219 -0.194068 -0.160527
0.00959913 -0.135435 -0.173005
0.0147504 -0.125991 -0.167573
0.168133 -0.194927 -0.167071
0.237125 -0.14189 -0.119275
-0.13804 -0.166572 -0.159632
0.252877 -0.195778 -0.151424
0.285239 -0.176005 -0.133347
0.269826 -0.139686 -0.149159
0.0559255 -0.14835 -0.170359
0.0681847 -0.181943 -0.140529
0.200054 -0.171799 -0.159943
0.0601109 -0.112728 -0.172508
0.2815 -0.161024 -0.160817
-0.104299 -0.194343 -0.164091
