-0.150035 0.0559337
-0.068421 0.0717918
-0.126737 0.050129
-0.122631 0.0568368
-0.105407 0.0554907
-0.114755 0.0581201
-0.0962533 0.0591359
-0.114944 0.0664707
-0.125426 0.0689494
-0.0921221 0.044616
-0.00271047 0.0469229
-0.0554569 0.0619896
-0.104382 0.055431
-0.0935283 0.0575918
-0.103932 0.0627125
-0.0342285 0.0475552
-0.103805 0.0619906
-0.0454574 0.067011
-0.0927967 0.0526301
-0.0489218 0.0427546
-0.0964762 0.0494214
-0.0964506 0.0569429
-0.0930265 0.0521021
-0.019158 0.0534855
-0.0770241 0.0458951
-0.145714 0.0428754
-0.0931561 0.0593489
-0.0731895 0.078732
-0.0701601 0.0598107
-0.116986 0.0520229
-0.11502 0.0741678
-0.0914691 0.0338225
-0.0630977 0.0675247
-0.109202 0.051666
-0.097355 0.0548864
-0.0716026 0.0658663
-0.0955433 0.0555664
-0.096594 0.0567682
-0.0893175 0.0577551
-0.144085 0.0483751
-0.0908013 0.0579178
-0.100855 0.0586277
-0.0842711 0.0415249
-0.142445 0.0568696
-0.132871 0.0587075
-0.0985059 0.0589608
-0.0615285 0.0121753
-0.0853111 0.0590777
-0.114217 0.0536751
-0.130084 0.0670432
