-0.0713676 -0.521632
-0.0279022 0.212101
-0.238192 -0.279904
-0.189813 -0.289522
-0.125023 -0.177211
-0.102268 -0.217332
-0.136833 -0.160129
-0.079064 -0.337847
-0.237733 0.185408
-0.0723718 0.150673
-0.247155 0.689487
-0.0592982 -0.405987
-0.122402 -0.161616
-0.133547 -0.125211
-0.108583 -0.235851
0.0454029 -0.385091
-0.157062 -0.245074
-0.306398 -0.345773
-0.133724 0.00805215
0.0148336 -0.448304
-0.195904 0.0250084
-0.141992 -0.106321
-0.114894 -0.216481
0.0854448 -0.33538
-0.200417 -0.405201
-0.144152 0.449282
-0.162527 -0.149097
-0.300285 0.300032
-0.224139 -0.0260677
-0.0656285 -0.141577
-0.282147 -0.379503
-0.304196 0.299223
-0.273166 -0.274792
-0.133122 -0.283056
-0.125891 -0.07854
