0.00373176 -0.173674
0.0697434 -0.226999
-0.212524 -0.0360518
0.094747 -0.215917
0.0577837 -0.251273
-0.288761 0.108342
-0.103927 0.151947
-0.0625828 -0.200488
-0.193692 -0.0275466
-0.151736 -0.178915
-0.273521 -0.204973
0.104222 -0.2102
-0.203993 0.187909
-0.107073 -0.085959
-0.0611191 -0.0710209
-0.273342 0.130549
-0.241059 0.170275
-0.0493418 -0.194488
-0.0610895 0.0111986
-0.263333 -0.131142
-0.129748 -0.217388
-0.0798663 -0.229349
-0.149589 -0.22383
-0.195713 0.227883
-0.166996 0.166236
-0.110045 -0.0606989
-0.0146108 -0.0122396
-0.242193 -0.0775977
-0.202673 -0.143973
-0.240242 0.0979742
0.0464278 -0.157455
-0.250505 0.245812
0.0707043 -0.146377
-0.134964 -0.0561827
-0.259094 -0.0401566
-0.236431 -0.123913
-0.233182 -0.211303
-0.131644 0.164368
-0.122289 -0.0745644
0.125064 -0.232544
-0.130352 -0.140669
-0.211477 0.14532
0.0114776 -0.0853669
0.0772954 -0.182913
-0.192691 0.12255
-0.247329 0.0304765
-0.135834 -0.11658
-0.216273 0.222345
-0.0912841 -0.019862
-0.182508 0.178431
-0.220747 -0.0783056
