-0.17412 0.114005 -0.229619
-0.17412 0.121322 -0.224634
-0.17412 0.128639 -0.219648
-0.17412 0.135957 -0.214662
-0.17412 0.143274 -0.209677
-0.17412 0.150592 -0.204691
-0.17412 0.157909 -0.199705
-0.17412 0.165226 -0.19472
-0.17412 0.172544 -0.189734
-0.134297 -0.0030736 -0.230337
-0.134297 0.00424378 -0.225351
-0.134297 0.0115612 -0.220366
-0.134297 0.0188786 -0.21538
-0.134297 0.0261959 -0.210394
-0.134297 0.0335133 -0.205409
-0.134297 0.0408307 -0.200423
-0.134297 0.0481481 -0.195438
-0.134297 0.0554655 -0.190452
-0.134297 0.0627829 -0.185466
-0.134297 0.0701003 -0.180481
-0.134297 0.0774177 -0.175495
-0.134297 0.0847351 -0.170509
-0.134297 0.0920524 -0.165524
-0.134297 0.0993698 -0.160538
-0.134297 0.106687 -0.155552
-0.134297 0.114005 -0.150567
-0.134297 0.121322 -0.145581
-0.134297 0.128639 -0.140596
-0.134297 0.135957 -0.13561
-0.134297 0.143274 -0.130624
-0.134297 0.150592 -0.125639
-0.134297 0.157909 -0.120653
-0.134297 0.165226 -0.115667
-0.134297 0.172544 -0.110682
-0.094474 -0.120152 -0.231055
-0.094474 -0.112834 -0.226069
-0.094474 -0.105517 -0.221083
-0.094474 -0.0981997 -0.216098
-0.094474 -0.0908823 -0.211112
-0.094474 -0.0835649 -0.206126
-0.094474 -0.0762475 -0.201141
-0.094474 -0.0689301 -0.196155
-0.094474 -0.0616127 -0.19117
-0.094474 -0.0542953 -0.186184
-0.094474 -0.0469779 -0.181198
-0.094474 -0.0396605 -0.176213
-0.094474 -0.0323432 -0.171227
-0.094474 -0.0250258 -0.166241
-0.094474 -0.0177084 -0.161256
-0.094474 -0.010391 -0.15627
-0.094474 -0.0030736 -0.151284
-0.094474 0.00424378 -0.146299
-0.094474 0.0115612 -0.141313
-0.094474 0.0188786 -0.136328
-0.094474 0.0261959 -0.131342
-0.094474 0.0335133 -0.126356
-0.094474 0.0408307 -0.121371
-0.094474 0.0481481 -0.116385
-0.094474 0.0554655 -0.111399
-0.094474 0.0627829 -0.106414
-0.094474 0.0701003 -0.101428
-0.094474 0.0774177 -0.0964425
-0.094474 0.0847351 -0.0914569
-0.094474 0.0920524 -0.0864712
-0.094474 0.0993698 -0.0814856
-0.094474 0.106687 -0.0764999
-0.094474 0.114005 -0.0715143
-0.094474 0.121322 -0.0665287
-0.094474 0.128639 -0.061543
-0.094474 0.135957 -0.0565574
-0.094474 0.143274 -0.0515718
-0.094474 0.150592 -0.0465861
-0.094474 0.157909 -0.0416005
-0.094474 0.165226 -0.0366149
-0.094474 0.172544 -0.0316292
-0.0546511 -0.186008 -0.196873
-0.0546511 -0.178691 -0.191887
-0.0546511 -0.171374 -0.186902
-0.0546511 -0.164056 -0.181916
-0.0546511 -0.156739 -0.17693
-0.0546511 -0.149421 -0.171945
-0.0546511 -0.142104 -0.166959
-0.0546511 -0.134787 -0.161973
-0.0546511 -0.127469 -0.156988
-0.0546511 -0.120152 -0.152002
-0.0546511 -0.112834 -0.147017
-0.0546511 -0.105517 -0.142031
-0.0546511 -0.0981997 -0.137045
-0.0546511 -0.0908823 -0.13206
-0.0546511 -0.0835649 -0.127074
-0.0546511 -0.0762475 -0.122088
-0.0546511 -0.0689301 -0.117103
-0.0546511 -0.0616127 -0.112117
-0.0546511 -0.0542953 -0.107131
-0.0546511 -0.0469779 -0.102146
-0.0546511 -0.0396605 -0.0971602
-0.0546511 -0.0323432 -0.0921745
-0.0546511 -0.0250258 -0.0871889
-0.0546511 -0.0177084 -0.0822033
-0.0546511 -0.010391 -0.0772176
-0.0546511 -0.0030736 -0.072232
-0.0546511 0.00424378 -0.0672464
-0.0546511 0.0115612 -0.0622607
-0.0546511 0.0188786 -0.0572751
-0.0546511 0.0261959 -0.0522895
-0.0546511 0.0335133 -0.0473038
-0.0546511 0.0408307 -0.0423182
-0.0546511 0.0481481 -0.0373325
-0.0546511 0.0554655 -0.0323469
-0.0546511 0.0627829 -0.0273613
-0.0546511 0.0701003 -0.0223756
-0.0546511 0.0774177 -0.01739
-0.0546511 0.0847351 -0.0124044
-0.0546511 0.0920524 -0.00741874
-0.0546511 0.0993698 -0.00243311
-0.0546511 0.106687 0.00255253
-0.0546511 0.114005 0.00753816
-0.0546511 0.121322 0.0125238
-0.0546511 0.128639 0.0175094
-0.0546511 0.135957 0.0224951
-0.0546511 0.143274 0.0274807
-0.0546511 0.150592 0.0324663
-0.0546511 0.157909 0.037452
-0.0546511 0.165226 0.0424376
-0.0546511 0.172544 0.0474232
-0.0148281 -0.186008 -0.11782
-0.0148281 -0.178691 -0.112835
-0.0148281 -0.171374 -0.107849
-0.0148281 -0.164056 -0.102863
-0.0148281 -0.156739 -0.0978778
-0.0148281 -0.149421 -0.0928922
-0.0148281 -0.142104 -0.0879066
-0.0148281 -0.134787 -0.0829209
-0.0148281 -0.127469 -0.0779353
-0.0148281 -0.120152 -0.0729497
-0.0148281 -0.112834 -0.067964
-0.0148281 -0.105517 -0.0629784
-0.0148281 -0.0981997 -0.0579928
-0.0148281 -0.0908823 -0.0530071
-0.0148281 -0.0835649 -0.0480215
-0.0148281 -0.0762475 -0.0430359
-0.0148281 -0.0689301 -0.0380502
-0.0148281 -0.0616127 -0.0330646
-0.0148281 -0.0542953 -0.028079
-0.0148281 -0.0469779 -0.0230933
-0.0148281 -0.0396605 -0.0181077
-0.0148281 -0.0323432 -0.0131221
-0.0148281 -0.0250258 -0.00813642
-0.0148281 -0.0177084 -0.00315079
-0.0148281 -0.010391 0.00183485
-0.0148281 -0.0030736 0.00682048
-0.0148281 0.00424378 0.0118061
-0.0148281 0.0115612 0.0167918
-0.0148281 0.0188786 0.0217774
-0.0148281 0.0261959 0.026763
-0.0148281 0.0335133 0.0317487
-0.0148281 0.0408307 0.0367343
-0.0148281 0.0481481 0.0417199
-0.0148281 0.0554655 0.0467056
-0.0148281 0.0627829 0.0516912
-0.0148281 0.0701003 0.0566768
-0.0148281 0.0774177 0.0616625
-0.0148281 0.0847351 0.0666481
-0.0148281 0.0920524 0.0716337
-0.0148281 0.0993698 0.0766194
-0.0148281 0.106687 0.081605
-0.0148281 0.114005 0.0865906
-0.0148281 0.121322 0.0915763
-0.0148281 0.128639 0.0965619
-0.0148281 0.135957 0.101548
-0.0148281 0.143274 0.106533
-0.0148281 0.150592 0.111519
-0.0148281 0.157909 0.116504
-0.0148281 0.165226 0.12149
-0.0148281 0.172544 0.126476
0.0249948 -0.186008 -0.0387679
0.0249948 -0.178691 -0.0337823
0.0249948 -0.171374 -0.0287966
0.0249948 -0.164056 -0.023811
0.0249948 -0.156739 -0.0188254
0.0249948 -0.149421 -0.0138397
0.0249948 -0.142104 -0.0088541
0.0249948 -0.134787 -0.00386847
0.0249948 -0.127469 0.00111717
0.0249948 -0.120152 0.0061028
0.0249948 -0.112834 0.0110884
0.0249948 -0.105517 0.0160741
0.0249948 -0.0981997 0.0210597
0.0249948 -0.0908823 0.0260453
0.0249948 -0.0835649 0.031031
0.0249948 -0.0762475 0.0360166
0.0249948 -0.0689301 0.0410022
0.0249948 -0.0616127 0.0459879
0.0249948 -0.0542953 0.0509735
0.0249948 -0.0469779 0.0559591
0.0249948 -0.0396605 0.0609448
0.0249948 -0.0323432 0.0659304
0.0249948 -0.0250258 0.0709161
0.0249948 -0.0177084 0.0759017
0.0249948 -0.010391 0.0808873
0.0249948 -0.0030736 0.085873
0.0249948 0.00424378 0.0908586
0.0249948 0.0115612 0.0958442
0.0249948 0.0188786 0.10083
0.0249948 0.0261959 0.105815
0.0249948 0.0335133 0.110801
0.0249948 0.0408307 0.115787
0.0249948 0.0481481 0.120772
0.0249948 0.0554655 0.125758
0.0249948 0.0627829 0.130744
0.0249948 0.0701003 0.135729
0.0249948 0.0774177 0.140715
0.0249948 0.0847351 0.145701
0.0249948 0.0920524 0.150686
0.0249948 0.0993698 0.155672
0.0249948 0.106687 0.160657
0.0249948 0.114005 0.165643
0.0249948 0.121322 0.170629
0.0249948 0.128639 0.175614
0.0249948 0.135957 0.1806
0.0249948 0.143274 0.185586
0.0249948 0.150592 0.190571
0.0249948 0.157909 0.195557
0.0249948 0.165226 0.200543
0.0249948 0.172544 0.205528
0.0648178 -0.186008 0.0402846
0.0648178 -0.178691 0.0452702
0.0648178 -0.171374 0.0502558
0.0648178 -0.164056 0.0552415
0.0648178 -0.156739 0.0602271
0.0648178 -0.149421 0.0652127
0.0648178 -0.142104 0.0701984
0.0648178 -0.134787 0.075184
0.0648178 -0.127469 0.0801696
0.0648178 -0.120152 0.0851553
0.0648178 -0.112834 0.0901409
0.0648178 -0.105517 0.0951265
0.0648178 -0.0981997 0.100112
0.0648178 -0.0908823 0.105098
0.0648178 -0.0835649 0.110083
0.0648178 -0.0762475 0.115069
0.0648178 -0.0689301 0.120055
0.0648178 -0.0616127 0.12504
0.0648178 -0.0542953 0.130026
0.0648178 -0.0469779 0.135012
0.0648178 -0.0396605 0.139997
0.0648178 -0.0323432 0.144983
0.0648178 -0.0250258 0.149969
0.0648178 -0.0177084 0.154954
0.0648178 -0.010391 0.15994
0.0648178 -0.0030736 0.164925
0.0648178 0.00424378 0.169911
0.0648178 0.0115612 0.174897
0.0648178 0.0188786 0.179882
0.0648178 0.0261959 0.184868
0.0648178 0.0335133 0.189854
0.0648178 0.0408307 0.194839
0.0648178 0.0481481 0.199825
0.0648178 0.0554655 0.204811
0.0648178 0.0627829 0.209796
0.0648178 0.0701003 0.214782
0.0648178 0.0774177 0.219767
0.0648178 0.0847351 0.224753
0.0648178 0.0920524 0.229739
0.104641 -0.186008 0.119337
0.104641 -0.178691 0.124323
0.104641 -0.171374 0.129308
0.104641 -0.164056 0.134294
0.104641 -0.156739 0.13928
0.104641 -0.149421 0.144265
0.104641 -0.142104 0.149251
0.104641 -0.134787 0.154236
0.104641 -0.127469 0.159222
0.104641 -0.120152 0.164208
0.104641 -0.112834 0.169193
0.104641 -0.105517 0.174179
0.104641 -0.0981997 0.179165
0.104641 -0.0908823 0.18415
0.104641 -0.0835649 0.189136
0.104641 -0.0762475 0.194122
0.104641 -0.0689301 0.199107
0.104641 -0.0616127 0.204093
0.104641 -0.0542953 0.209078
0.104641 -0.0469779 0.214064
0.104641 -0.0396605 0.21905
0.104641 -0.0323432 0.224035
0.104641 -0.0250258 0.229021
0.104641 -0.0177084 0.234007
0.144464 -0.186008 0.19839
0.144464 -0.178691 0.203375
0.144464 -0.171374 0.208361
0.144464 -0.164056 0.213346
0.144464 -0.156739 0.218332
0.144464 -0.149421 0.223318
0.144464 -0.142104 0.228303
0.144464 -0.134787 0.233289
-0.0546511 -0.186008 -0.196873
-0.0148281 -0.186008 -0.11782
0.0249948 -0.186008 -0.0387679
0.0648178 -0.186008 0.0402846
0.104641 -0.186008 0.119337
0.144464 -0.186008 0.19839
-0.0546511 -0.178691 -0.191887
-0.0148281 -0.178691 -0.112835
0.0249948 -0.178691 -0.0337823
0.0648178 -0.178691 0.0452702
0.104641 -0.178691 0.124323
0.144464 -0.178691 0.203375
-0.0546511 -0.171374 -0.186902
-0.0148281 -0.171374 -0.107849
0.0249948 -0.171374 -0.0287966
0.0648178 -0.171374 0.0502558
0.104641 -0.171374 0.129308
0.144464 -0.171374 0.208361
-0.0546511 -0.164056 -0.181916
-0.0148281 -0.164056 -0.102863
0.0249948 -0.164056 -0.023811
0.0648178 -0.164056 0.0552415
0.104641 -0.164056 0.134294
0.144464 -0.164056 0.213346
-0.0546511 -0.156739 -0.17693
-0.0148281 -0.156739 -0.0978778
0.0249948 -0.156739 -0.0188254
0.0648178 -0.156739 0.0602271
0.104641 -0.156739 0.13928
0.144464 -0.156739 0.218332
-0.0546511 -0.149421 -0.171945
-0.0148281 -0.149421 -0.0928922
0.0249948 -0.149421 -0.0138397
0.0648178 -0.149421 0.0652127
0.104641 -0.149421 0.144265
0.144464 -0.149421 0.223318
-0.0546511 -0.142104 -0.166959
-0.0148281 -0.142104 -0.0879066
0.0249948 -0.142104 -0.0088541
0.0648178 -0.142104 0.0701984
0.104641 -0.142104 0.149251
0.144464 -0.142104 0.228303
-0.0546511 -0.134787 -0.161973
-0.0148281 -0.134787 -0.0829209
0.0249948 -0.134787 -0.00386847
0.0648178 -0.134787 0.075184
0.104641 -0.134787 0.154236
0.144464 -0.134787 0.233289
-0.0546511 -0.127469 -0.156988
-0.0148281 -0.127469 -0.0779353
0.0249948 -0.127469 0.00111717
0.0648178 -0.127469 0.0801696
0.104641 -0.127469 0.159222
-0.094474 -0.120152 -0.231055
-0.0546511 -0.120152 -0.152002
-0.0148281 -0.120152 -0.0729497
0.0249948 -0.120152 0.0061028
0.0648178 -0.120152 0.0851553
0.104641 -0.120152 0.164208
-0.094474 -0.112834 -0.226069
-0.0546511 -0.112834 -0.147017
-0.0148281 -0.112834 -0.067964
0.0249948 -0.112834 0.0110884
0.0648178 -0.112834 0.0901409
0.104641 -0.112834 0.169193
-0.094474 -0.105517 -0.221083
-0.0546511 -0.105517 -0.142031
-0.0148281 -0.105517 -0.0629784
0.0249948 -0.105517 0.0160741
0.0648178 -0.105517 0.0951265
0.104641 -0.105517 0.174179
-0.094474 -0.0981997 -0.216098
-0.0546511 -0.0981997 -0.137045
-0.0148281 -0.0981997 -0.0579928
0.0249948 -0.0981997 0.0210597
0.0648178 -0.0981997 0.100112
0.104641 -0.0981997 0.179165
-0.094474 -0.0908823 -0.211112
-0.0546511 -0.0908823 -0.13206
-0.0148281 -0.0908823 -0.0530071
0.0249948 -0.0908823 0.0260453
0.0648178 -0.0908823 0.105098
0.104641 -0.0908823 0.18415
-0.094474 -0.0835649 -0.206126
-0.0546511 -0.0835649 -0.127074
-0.0148281 -0.0835649 -0.0480215
0.0249948 -0.0835649 0.031031
0.0648178 -0.0835649 0.110083
0.104641 -0.0835649 0.189136
-0.094474 -0.0762475 -0.201141
-0.0546511 -0.0762475 -0.122088
-0.0148281 -0.0762475 -0.0430359
0.0249948 -0.0762475 0.0360166
0.0648178 -0.0762475 0.115069
0.104641 -0.0762475 0.194122
-0.094474 -0.0689301 -0.196155
-0.0546511 -0.0689301 -0.117103
-0.0148281 -0.0689301 -0.0380502
0.0249948 -0.0689301 0.0410022
0.0648178 -0.0689301 0.120055
0.104641 -0.0689301 0.199107
-0.094474 -0.0616127 -0.19117
-0.0546511 -0.0616127 -0.112117
-0.0148281 -0.0616127 -0.0330646
0.0249948 -0.0616127 0.0459879
0.0648178 -0.0616127 0.12504
0.104641 -0.0616127 0.204093
-0.094474 -0.0542953 -0.186184
-0.0546511 -0.0542953 -0.107131
-0.0148281 -0.0542953 -0.028079
0.0249948 -0.0542953 0.0509735
0.0648178 -0.0542953 0.130026
0.104641 -0.0542953 0.209078
-0.094474 -0.0469779 -0.181198
-0.0546511 -0.0469779 -0.102146
-0.0148281 -0.0469779 -0.0230933
0.0249948 -0.0469779 0.0559591
0.0648178 -0.0469779 0.135012
0.104641 -0.0469779 0.214064
-0.094474 -0.0396605 -0.176213
-0.0546511 -0.0396605 -0.0971602
-0.0148281 -0.0396605 -0.0181077
0.0249948 -0.0396605 0.0609448
0.0648178 -0.0396605 0.139997
0.104641 -0.0396605 0.21905
-0.094474 -0.0323432 -0.171227
-0.0546511 -0.0323432 -0.0921745
-0.0148281 -0.0323432 -0.0131221
0.0249948 -0.0323432 0.0659304
0.0648178 -0.0323432 0.144983
0.104641 -0.0323432 0.224035
-0.094474 -0.0250258 -0.166241
-0.0546511 -0.0250258 -0.0871889
-0.0148281 -0.0250258 -0.00813642
0.0249948 -0.0250258 0.0709161
0.0648178 -0.0250258 0.149969
0.104641 -0.0250258 0.229021
-0.094474 -0.0177084 -0.161256
-0.0546511 -0.0177084 -0.0822033
-0.0148281 -0.0177084 -0.00315079
0.0249948 -0.0177084 0.0759017
0.0648178 -0.0177084 0.154954
0.104641 -0.0177084 0.234007
-0.094474 -0.010391 -0.15627
-0.0546511 -0.010391 -0.0772176
-0.0148281 -0.010391 0.00183485
0.0249948 -0.010391 0.0808873
0.0648178 -0.010391 0.15994
-0.134297 -0.0030736 -0.230337
-0.094474 -0.0030736 -0.151284
-0.0546511 -0.0030736 -0.072232
-0.0148281 -0.0030736 0.00682048
0.0249948 -0.0030736 0.085873
0.0648178 -0.0030736 0.164925
-0.134297 0.00424378 -0.225351
-0.094474 0.00424378 -0.146299
-0.0546511 0.00424378 -0.0672464
-0.0148281 0.00424378 0.0118061
0.0249948 0.00424378 0.0908586
0.0648178 0.00424378 0.169911
-0.134297 0.0115612 -0.220366
-0.094474 0.0115612 -0.141313
-0.0546511 0.0115612 -0.0622607
-0.0148281 0.0115612 0.0167918
0.0249948 0.0115612 0.0958442
0.0648178 0.0115612 0.174897
-0.134297 0.0188786 -0.21538
-0.094474 0.0188786 -0.136328
-0.0546511 0.0188786 -0.0572751
-0.0148281 0.0188786 0.0217774
0.0249948 0.0188786 0.10083
0.0648178 0.0188786 0.179882
-0.134297 0.0261959 -0.210394
-0.094474 0.0261959 -0.131342
-0.0546511 0.0261959 -0.0522895
-0.0148281 0.0261959 0.026763
0.0249948 0.0261959 0.105815
0.0648178 0.0261959 0.184868
-0.134297 0.0335133 -0.205409
-0.094474 0.0335133 -0.126356
-0.0546511 0.0335133 -0.0473038
-0.0148281 0.0335133 0.0317487
0.0249948 0.0335133 0.110801
0.0648178 0.0335133 0.189854
-0.134297 0.0408307 -0.200423
-0.094474 0.0408307 -0.121371
-0.0546511 0.0408307 -0.0423182
-0.0148281 0.0408307 0.0367343
0.0249948 0.0408307 0.115787
0.0648178 0.0408307 0.194839
-0.134297 0.0481481 -0.195438
-0.094474 0.0481481 -0.116385
-0.0546511 0.0481481 -0.0373325
-0.0148281 0.0481481 0.0417199
0.0249948 0.0481481 0.120772
0.0648178 0.0481481 0.199825
-0.134297 0.0554655 -0.190452
-0.094474 0.0554655 -0.111399
-0.0546511 0.0554655 -0.0323469
-0.0148281 0.0554655 0.0467056
0.0249948 0.0554655 0.125758
0.0648178 0.0554655 0.204811
-0.134297 0.0627829 -0.185466
-0.094474 0.0627829 -0.106414
-0.0546511 0.0627829 -0.0273613
-0.0148281 0.0627829 0.0516912
0.0249948 0.0627829 0.130744
0.0648178 0.0627829 0.209796
-0.134297 0.0701003 -0.180481
-0.094474 0.0701003 -0.101428
-0.0546511 0.0701003 -0.0223756
-0.0148281 0.0701003 0.0566768
0.0249948 0.0701003 0.135729
0.0648178 0.0701003 0.214782
-0.134297 0.0774177 -0.175495
-0.094474 0.0774177 -0.0964425
-0.0546511 0.0774177 -0.01739
-0.0148281 0.0774177 0.0616625
0.0249948 0.0774177 0.140715
0.0648178 0.0774177 0.219767
-0.134297 0.0847351 -0.170509
-0.094474 0.0847351 -0.0914569
-0.0546511 0.0847351 -0.0124044
-0.0148281 0.0847351 0.0666481
0.0249948 0.0847351 0.145701
0.0648178 0.0847351 0.224753
-0.134297 0.0920524 -0.165524
-0.094474 0.0920524 -0.0864712
-0.0546511 0.0920524 -0.00741874
-0.0148281 0.0920524 0.0716337
0.0249948 0.0920524 0.150686
0.0648178 0.0920524 0.229739
-0.134297 0.0993698 -0.160538
-0.094474 0.0993698 -0.0814856
-0.0546511 0.0993698 -0.00243311
-0.0148281 0.0993698 0.0766194
0.0249948 0.0993698 0.155672
-0.134297 0.106687 -0.155552
-0.094474 0.106687 -0.0764999
-0.0546511 0.106687 0.00255253
-0.0148281 0.106687 0.081605
0.0249948 0.106687 0.160657
-0.17412 0.114005 -0.229619
-0.134297 0.114005 -0.150567
-0.094474 0.114005 -0.0715143
-0.0546511 0.114005 0.00753816
-0.0148281 0.114005 0.0865906
0.0249948 0.114005 0.165643
-0.17412 0.121322 -0.224634
-0.134297 0.121322 -0.145581
-0.094474 0.121322 -0.0665287
-0.0546511 0.121322 0.0125238
-0.0148281 0.121322 0.0915763
0.0249948 0.121322 0.170629
-0.17412 0.128639 -0.219648
-0.134297 0.128639 -0.140596
-0.094474 0.128639 -0.061543
-0.0546511 0.128639 0.0175094
-0.0148281 0.128639 0.0965619
0.0249948 0.128639 0.175614
-0.17412 0.135957 -0.214662
-0.134297 0.135957 -0.13561
-0.094474 0.135957 -0.0565574
-0.0546511 0.135957 0.0224951
-0.0148281 0.135957 0.101548
0.0249948 0.135957 0.1806
-0.17412 0.143274 -0.209677
-0.134297 0.143274 -0.130624
-0.094474 0.143274 -0.0515718
-0.0546511 0.143274 0.0274807
-0.0148281 0.143274 0.106533
0.0249948 0.143274 0.185586
-0.17412 0.150592 -0.204691
-0.134297 0.150592 -0.125639
-0.094474 0.150592 -0.0465861
-0.0546511 0.150592 0.0324663
-0.0148281 0.150592 0.111519
0.0249948 0.150592 0.190571
-0.17412 0.157909 -0.199705
-0.134297 0.157909 -0.120653
-0.094474 0.157909 -0.0416005
-0.0546511 0.157909 0.037452
-0.0148281 0.157909 0.116504
0.0249948 0.157909 0.195557
-0.17412 0.165226 -0.19472
-0.134297 0.165226 -0.115667
-0.094474 0.165226 -0.0366149
-0.0546511 0.165226 0.0424376
-0.0148281 0.165226 0.12149
0.0249948 0.165226 0.200543
-0.17412 0.172544 -0.189734
-0.134297 0.172544 -0.110682
-0.094474 0.172544 -0.0316292
-0.0546511 0.172544 0.0474232
-0.0148281 0.172544 0.126476
0.0249948 0.172544 0.205528
