-0.357698 -0.37465 0.254519
-0.357698 -0.358736 0.22949
-0.357698 -0.342822 0.204461
-0.357698 -0.326909 0.179433
-0.357698 -0.310995 0.154404
-0.357698 -0.295081 0.129375
-0.357698 -0.279167 0.104346
-0.357698 -0.263254 0.079317
-0.357698 -0.24734 0.0542882
-0.357698 -0.231426 0.0292593
-0.357698 -0.215513 0.00423038
-0.357698 -0.199599 -0.0207985
-0.357698 -0.183685 -0.0458274
-0.357698 -0.167771 -0.0708563
-0.357698 -0.151858 -0.0958852
-0.357698 -0.135944 -0.120914
-0.357698 -0.12003 -0.145943
-0.357698 -0.104117 -0.170972
-0.357698 -0.0882028 -0.196001
-0.357698 -0.0722891 -0.22103
-0.357698 -0.0563754 -0.246059
-0.357698 -0.0404617 -0.271087
-0.357698 -0.0245479 -0.296116
-0.357698 -0.00863422 -0.321145
-0.357698 0.00727949 -0.346174
-0.357698 0.0231932 -0.371203
-0.357698 0.0391069 -0.396232
-0.357698 0.0550206 -0.421261
-0.342422 -0.37465 0.267652
-0.342422 -0.358736 0.242623
-0.342422 -0.342822 0.217594
-0.342422 -0.326909 0.192565
-0.342422 -0.310995 0.167537
-0.342422 -0.295081 0.142508
-0.342422 -0.279167 0.117479
-0.342422 -0.263254 0.0924499
-0.342422 -0.24734 0.067421
-0.342422 -0.231426 0.0423921
-0.342422 -0.215513 0.0173632
-0.342422 -0.199599 -0.00766566
-0.342422 -0.183685 -0.0326945
-0.342422 -0.167771 -0.0577234
-0.342422 -0.151858 -0.0827523
-0.342422 -0.135944 -0.107781
-0.342422 -0.12003 -0.13281
-0.342422 -0.104117 -0.157839
-0.342422 -0.0882028 -0.182868
-0.342422 -0.0722891 -0.207897
-0.342422 -0.0563754 -0.232926
-0.342422 -0.0404617 -0.257955
-0.342422 -0.0245479 -0.282983
-0.342422 -0.00863422 -0.308012
-0.342422 0.00727949 -0.333041
-0.342422 0.0231932 -0.35807
-0.342422 0.0391069 -0.383099
-0.342422 0.0550206 -0.408128
-0.327147 -0.37465 0.280785
-0.327147 -0.358736 0.255756
-0.327147 -0.342822 0.230727
-0.327147 -0.326909 0.205698
-0.327147 -0.310995 0.180669
-0.327147 -0.295081 0.155641
-0.327147 -0.279167 0.130612
-0.327147 -0.263254 0.105583
-0.327147 -0.24734 0.0805539
-0.327147 -0.231426 0.055525
-0.327147 -0.215513 0.0304961
-0.327147 -0.199599 0.0054672
-0.327147 -0.183685 -0.0195617
-0.327147 -0.167771 -0.0445906
-0.327147 -0.151858 -0.0696195
-0.327147 -0.135944 -0.0946484
-0.327147 -0.12003 -0.119677
-0.327147 -0.104117 -0.144706
-0.327147 -0.0882028 -0.169735
-0.327147 -0.0722891 -0.194764
-0.327147 -0.0563754 -0.219793
-0.327147 -0.0404617 -0.244822
-0.327147 -0.0245479 -0.269851
-0.327147 -0.00863422 -0.294879
-0.327147 0.00727949 -0.319908
-0.327147 0.0231932 -0.344937
-0.327147 0.0391069 -0.369966
-0.327147 0.0550206 -0.394995
-0.327147 0.0709344 -0.420024
-0.311871 -0.37465 0.293918
-0.311871 -0.358736 0.268889
-0.311871 -0.342822 0.24386
-0.311871 -0.326909 0.218831
-0.311871 -0.310995 0.193802
-0.311871 -0.295081 0.168773
-0.311871 -0.279167 0.143745
-0.311871 -0.263254 0.118716
-0.311871 -0.24734 0.0936867
-0.311871 -0.231426 0.0686578
-0.311871 -0.215513 0.0436289
-0.311871 -0.199599 0.0186001
-0.311871 -0.183685 -0.00642884
-0.311871 -0.167771 -0.0314577
-0.311871 -0.151858 -0.0564866
-0.311871 -0.135944 -0.0815155
-0.311871 -0.12003 -0.106544
-0.311871 -0.104117 -0.131573
-0.311871 -0.0882028 -0.156602
-0.311871 -0.0722891 -0.181631
-0.311871 -0.0563754 -0.20666
-0.311871 -0.0404617 -0.231689
-0.311871 -0.0245479 -0.256718
-0.311871 -0.00863422 -0.281747
-0.311871 0.00727949 -0.306776
-0.311871 0.0231932 -0.331804
-0.311871 0.0391069 -0.356833
-0.311871 0.0550206 -0.381862
-0.311871 0.0709344 -0.406891
-0.296595 -0.37465 0.307051
-0.296595 -0.358736 0.282022
-0.296595 -0.342822 0.256993
-0.296595 -0.326909 0.231964
-0.296595 -0.310995 0.206935
-0.296595 -0.295081 0.181906
-0.296595 -0.279167 0.156877
-0.296595 -0.263254 0.131848
-0.296595 -0.24734 0.10682
-0.296595 -0.231426 0.0817907
-0.296595 -0.215513 0.0567618
-0.296595 -0.199599 0.0317329
-0.296595 -0.183685 0.00670402
-0.296595 -0.167771 -0.0183249
-0.296595 -0.151858 -0.0433538
-0.296595 -0.135944 -0.0683826
-0.296595 -0.12003 -0.0934115
-0.296595 -0.104117 -0.11844
-0.296595 -0.0882028 -0.143469
-0.296595 -0.0722891 -0.168498
-0.296595 -0.0563754 -0.193527
-0.296595 -0.0404617 -0.218556
-0.296595 -0.0245479 -0.243585
-0.296595 -0.00863422 -0.268614
-0.296595 0.00727949 -0.293643
-0.296595 0.0231932 -0.318672
-0.296595 0.0391069 -0.3437
-0.296595 0.0550206 -0.368729
-0.296595 0.0709344 -0.393758
-0.296595 0.0868481 -0.418787
-0.281319 -0.37465 0.320184
-0.281319 -0.358736 0.295155
-0.281319 -0.342822 0.270126
-0.281319 -0.326909 0.245097
-0.281319 -0.310995 0.220068
-0.281319 -0.295081 0.195039
-0.281319 -0.279167 0.17001
-0.281319 -0.263254 0.144981
-0.281319 -0.24734 0.119952
-0.281319 -0.231426 0.0949235
-0.281319 -0.215513 0.0698947
-0.281319 -0.199599 0.0448658
-0.281319 -0.183685 0.0198369
-0.281319 -0.167771 -0.00519202
-0.281319 -0.151858 -0.0302209
-0.281319 -0.135944 -0.0552498
-0.281319 -0.12003 -0.0802787
-0.281319 -0.104117 -0.105308
-0.281319 -0.0882028 -0.130336
-0.281319 -0.0722891 -0.155365
-0.281319 -0.0563754 -0.180394
-0.281319 -0.0404617 -0.205423
-0.281319 -0.0245479 -0.230452
-0.281319 -0.00863422 -0.255481
-0.281319 0.00727949 -0.28051
-0.281319 0.0231932 -0.305539
-0.281319 0.0391069 -0.330568
-0.281319 0.0550206 -0.355596
-0.281319 0.0709344 -0.380625
-0.281319 0.0868481 -0.405654
-0.281319 0.102762 -0.430683
-0.266043 -0.37465 0.333316
-0.266043 -0.358736 0.308288
-0.266043 -0.342822 0.283259
-0.266043 -0.326909 0.25823
-0.266043 -0.310995 0.233201
-0.266043 -0.295081 0.208172
-0.266043 -0.279167 0.183143
-0.266043 -0.263254 0.158114
-0.266043 -0.24734 0.133085
-0.266043 -0.231426 0.108056
-0.266043 -0.215513 0.0830275
-0.266043 -0.199599 0.0579986
-0.266043 -0.183685 0.0329697
-0.266043 -0.167771 0.00794084
-0.266043 -0.151858 -0.017088
-0.266043 -0.135944 -0.0421169
-0.266043 -0.12003 -0.0671458
-0.266043 -0.104117 -0.0921747
-0.266043 -0.0882028 -0.117204
-0.266043 -0.0722891 -0.142232
-0.266043 -0.0563754 -0.167261
-0.266043 -0.0404617 -0.19229
-0.266043 -0.0245479 -0.217319
-0.266043 -0.00863422 -0.242348
-0.266043 0.00727949 -0.267377
-0.266043 0.0231932 -0.292406
-0.266043 0.0391069 -0.317435
-0.266043 0.0550206 -0.342464
-0.266043 0.0709344 -0.367493
-0.266043 0.0868481 -0.392521
-0.266043 0.102762 -0.41755
-0.250768 -0.37465 0.346449
-0.250768 -0.358736 0.32142
-0.250768 -0.342822 0.296391
-0.250768 -0.326909 0.271363
-0.250768 -0.310995 0.246334
-0.250768 -0.295081 0.221305
-0.250768 -0.279167 0.196276
-0.250768 -0.263254 0.171247
-0.250768 -0.24734 0.146218
-0.250768 -0.231426 0.121189
-0.250768 -0.215513 0.0961604
-0.250768 -0.199599 0.0711315
-0.250768 -0.183685 0.0461026
-0.250768 -0.167771 0.0210737
-0.250768 -0.151858 -0.00395519
-0.250768 -0.135944 -0.0289841
-0.250768 -0.12003 -0.054013
-0.250768 -0.104117 -0.0790419
-0.250768 -0.0882028 -0.104071
-0.250768 -0.0722891 -0.1291
-0.250768 -0.0563754 -0.154129
-0.250768 -0.0404617 -0.179157
-0.250768 -0.0245479 -0.204186
-0.250768 -0.00863422 -0.229215
-0.250768 0.00727949 -0.254244
-0.250768 0.0231932 -0.279273
-0.250768 0.0391069 -0.304302
-0.250768 0.0550206 -0.329331
-0.250768 0.0709344 -0.35436
-0.250768 0.0868481 -0.379389
-0.250768 0.102762 -0.404417
-0.250768 0.118676 -0.429446
-0.235492 -0.37465 0.359582
-0.235492 -0.358736 0.334553
-0.235492 -0.342822 0.309524
-0.235492 -0.326909 0.284495
-0.235492 -0.310995 0.259467
-0.235492 -0.295081 0.234438
-0.235492 -0.279167 0.209409
-0.235492 -0.263254 0.18438
-0.235492 -0.24734 0.159351
-0.235492 -0.231426 0.134322
-0.235492 -0.215513 0.109293
-0.235492 -0.199599 0.0842643
-0.235492 -0.183685 0.0592354
-0.235492 -0.167771 0.0342066
-0.235492 -0.151858 0.00917766
-0.235492 -0.135944 -0.0158512
-0.235492 -0.12003 -0.0408801
-0.235492 -0.104117 -0.065909
-0.235492 -0.0882028 -0.0909379
-0.235492 -0.0722891 -0.115967
-0.235492 -0.0563754 -0.140996
-0.235492 -0.0404617 -0.166025
-0.235492 -0.0245479 -0.191053
-0.235492 -0.00863422 -0.216082
-0.235492 0.00727949 -0.241111
-0.235492 0.0231932 -0.26614
-0.235492 0.0391069 -0.291169
-0.235492 0.0550206 -0.316198
-0.235492 0.0709344 -0.341227
-0.235492 0.0868481 -0.366256
-0.235492 0.102762 -0.391285
-0.235492 0.118676 -0.416313
-0.220216 -0.37465 0.372715
-0.220216 -0.358736 0.347686
-0.220216 -0.342822 0.322657
-0.220216 -0.326909 0.297628
-0.220216 -0.310995 0.272599
-0.220216 -0.295081 0.247571
-0.220216 -0.279167 0.222542
-0.220216 -0.263254 0.197513
-0.220216 -0.24734 0.172484
-0.220216 -0.231426 0.147455
-0.220216 -0.215513 0.122426
-0.220216 -0.199599 0.0973972
-0.220216 -0.183685 0.0723683
-0.220216 -0.167771 0.0473394
-0.220216 -0.151858 0.0223105
-0.220216 -0.135944 -0.00271837
-0.220216 -0.12003 -0.0277473
-0.220216 -0.104117 -0.0527762
-0.220216 -0.0882028 -0.077805
-0.220216 -0.0722891 -0.102834
-0.220216 -0.0563754 -0.127863
-0.220216 -0.0404617 -0.152892
-0.220216 -0.0245479 -0.177921
-0.220216 -0.00863422 -0.202949
-0.220216 0.00727949 -0.227978
-0.220216 0.0231932 -0.253007
-0.220216 0.0391069 -0.278036
-0.220216 0.0550206 -0.303065
-0.220216 0.0709344 -0.328094
-0.220216 0.0868481 -0.353123
-0.220216 0.102762 -0.378152
-0.220216 0.118676 -0.403181
-0.220216 0.134589 -0.42821
-0.20494 -0.37465 0.385848
-0.20494 -0.358736 0.360819
-0.20494 -0.342822 0.33579
-0.20494 -0.326909 0.310761
-0.20494 -0.310995 0.285732
-0.20494 -0.295081 0.260703
-0.20494 -0.279167 0.235674
-0.20494 -0.263254 0.210646
-0.20494 -0.24734 0.185617
-0.20494 -0.231426 0.160588
-0.20494 -0.215513 0.135559
-0.20494 -0.199599 0.11053
-0.20494 -0.183685 0.0855012
-0.20494 -0.167771 0.0604723
-0.20494 -0.151858 0.0354434
-0.20494 -0.135944 0.0104145
-0.20494 -0.12003 -0.0146144
-0.20494 -0.104117 -0.0396433
-0.20494 -0.0882028 -0.0646722
-0.20494 -0.0722891 -0.0897011
-0.20494 -0.0563754 -0.11473
-0.20494 -0.0404617 -0.139759
-0.20494 -0.0245479 -0.164788
-0.20494 -0.00863422 -0.189817
-0.20494 0.00727949 -0.214846
-0.20494 0.0231932 -0.239874
-0.20494 0.0391069 -0.264903
-0.20494 0.0550206 -0.289932
-0.20494 0.0709344 -0.314961
-0.20494 0.0868481 -0.33999
-0.20494 0.102762 -0.365019
-0.20494 0.118676 -0.390048
-0.20494 0.134589 -0.415077
-0.189664 -0.37465 0.398981
-0.189664 -0.358736 0.373952
-0.189664 -0.342822 0.348923
-0.189664 -0.326909 0.323894
-0.189664 -0.310995 0.298865
-0.189664 -0.295081 0.273836
-0.189664 -0.279167 0.248807
-0.189664 -0.263254 0.223778
-0.189664 -0.24734 0.19875
-0.189664 -0.231426 0.173721
-0.189664 -0.215513 0.148692
-0.189664 -0.199599 0.123663
-0.189664 -0.183685 0.098634
-0.189664 -0.167771 0.0736051
-0.189664 -0.151858 0.0485762
-0.189664 -0.135944 0.0235473
-0.189664 -0.12003 -0.00148155
-0.189664 -0.104117 -0.0265104
-0.189664 -0.0882028 -0.0515393
-0.189664 -0.0722891 -0.0765682
-0.189664 -0.0563754 -0.101597
-0.189664 -0.0404617 -0.126626
-0.189664 -0.0245479 -0.151655
-0.189664 -0.00863422 -0.176684
-0.189664 0.00727949 -0.201713
-0.189664 0.0231932 -0.226742
-0.189664 0.0391069 -0.25177
-0.189664 0.0550206 -0.276799
-0.189664 0.0709344 -0.301828
-0.189664 0.0868481 -0.326857
-0.189664 0.102762 -0.351886
-0.189664 0.118676 -0.376915
-0.189664 0.134589 -0.401944
-0.189664 0.150503 -0.426973
-0.174389 -0.37465 0.412114
-0.174389 -0.358736 0.387085
-0.174389 -0.342822 0.362056
-0.174389 -0.326909 0.337027
-0.174389 -0.310995 0.311998
-0.174389 -0.295081 0.286969
-0.174389 -0.279167 0.26194
-0.174389 -0.263254 0.236911
-0.174389 -0.24734 0.211882
-0.174389 -0.231426 0.186854
-0.174389 -0.215513 0.161825
-0.174389 -0.199599 0.136796
-0.174389 -0.183685 0.111767
-0.174389 -0.167771 0.086738
-0.174389 -0.151858 0.0617091
-0.174389 -0.135944 0.0366802
-0.174389 -0.12003 0.0116513
-0.174389 -0.104117 -0.0133776
-0.174389 -0.0882028 -0.0384065
-0.174389 -0.0722891 -0.0634354
-0.174389 -0.0563754 -0.0884643
-0.174389 -0.0404617 -0.113493
-0.174389 -0.0245479 -0.138522
-0.174389 -0.00863422 -0.163551
-0.174389 0.00727949 -0.18858
-0.174389 0.0231932 -0.213609
-0.174389 0.0391069 -0.238638
-0.174389 0.0550206 -0.263666
-0.174389 0.0709344 -0.288695
-0.174389 0.0868481 -0.313724
-0.174389 0.102762 -0.338753
-0.174389 0.118676 -0.363782
-0.174389 0.134589 -0.388811
-0.174389 0.150503 -0.41384
-0.159113 -0.358736 0.400218
-0.159113 -0.342822 0.375189
-0.159113 -0.326909 0.35016
-0.159113 -0.310995 0.325131
-0.159113 -0.295081 0.300102
-0.159113 -0.279167 0.275073
-0.159113 -0.263254 0.250044
-0.159113 -0.24734 0.225015
-0.159113 -0.231426 0.199986
-0.159113 -0.215513 0.174957
-0.159113 -0.199599 0.149929
-0.159113 -0.183685 0.1249
-0.159113 -0.167771 0.0998708
-0.159113 -0.151858 0.0748419
-0.159113 -0.135944 0.049813
-0.159113 -0.12003 0.0247842
-0.159113 -0.104117 -0.000244733
-0.159113 -0.0882028 -0.0252736
-0.159113 -0.0722891 -0.0503025
-0.159113 -0.0563754 -0.0753314
-0.159113 -0.0404617 -0.10036
-0.159113 -0.0245479 -0.125389
-0.159113 -0.00863422 -0.150418
-0.159113 0.00727949 -0.175447
-0.159113 0.0231932 -0.200476
-0.159113 0.0391069 -0.225505
-0.159113 0.0550206 -0.250534
-0.159113 0.0709344 -0.275563
-0.159113 0.0868481 -0.300591
-0.159113 0.102762 -0.32562
-0.159113 0.118676 -0.350649
-0.159113 0.134589 -0.375678
-0.159113 0.150503 -0.400707
-0.159113 0.166417 -0.425736
-0.143837 -0.358736 0.41335
-0.143837 -0.342822 0.388321
-0.143837 -0.326909 0.363293
-0.143837 -0.310995 0.338264
-0.143837 -0.295081 0.313235
-0.143837 -0.279167 0.288206
-0.143837 -0.263254 0.263177
-0.143837 -0.24734 0.238148
-0.143837 -0.231426 0.213119
-0.143837 -0.215513 0.18809
-0.143837 -0.199599 0.163061
-0.143837 -0.183685 0.138033
-0.143837 -0.167771 0.113004
-0.143837 -0.151858 0.0879748
-0.143837 -0.135944 0.0629459
-0.143837 -0.12003 0.037917
-0.143837 -0.104117 0.0128881
-0.143837 -0.0882028 -0.0121408
-0.143837 -0.0722891 -0.0371697
-0.143837 -0.0563754 -0.0621985
-0.143837 -0.0404617 -0.0872274
-0.143837 -0.0245479 -0.112256
-0.143837 -0.00863422 -0.137285
-0.143837 0.00727949 -0.162314
-0.143837 0.0231932 -0.187343
-0.143837 0.0391069 -0.212372
-0.143837 0.0550206 -0.237401
-0.143837 0.0709344 -0.26243
-0.143837 0.0868481 -0.287459
-0.143837 0.102762 -0.312487
-0.143837 0.118676 -0.337516
-0.143837 0.134589 -0.362545
-0.143837 0.150503 -0.387574
-0.143837 0.166417 -0.412603
-0.128561 -0.342822 0.401454
-0.128561 -0.326909 0.376425
-0.128561 -0.310995 0.351397
-0.128561 -0.295081 0.326368
-0.128561 -0.279167 0.301339
-0.128561 -0.263254 0.27631
-0.128561 -0.24734 0.251281
-0.128561 -0.231426 0.226252
-0.128561 -0.215513 0.201223
-0.128561 -0.199599 0.176194
-0.128561 -0.183685 0.151165
-0.128561 -0.167771 0.126137
-0.128561 -0.151858 0.101108
-0.128561 -0.135944 0.0760788
-0.128561 -0.12003 0.0510499
-0.128561 -0.104117 0.026021
-0.128561 -0.0882028 0.000992087
-0.128561 -0.0722891 -0.0240368
-0.128561 -0.0563754 -0.0490657
-0.128561 -0.0404617 -0.0740946
-0.128561 -0.0245479 -0.0991235
-0.128561 -0.00863422 -0.124152
-0.128561 0.00727949 -0.149181
-0.128561 0.0231932 -0.17421
-0.128561 0.0391069 -0.199239
-0.128561 0.0550206 -0.224268
-0.128561 0.0709344 -0.249297
-0.128561 0.0868481 -0.274326
-0.128561 0.102762 -0.299355
-0.128561 0.118676 -0.324383
-0.128561 0.134589 -0.349412
-0.128561 0.150503 -0.374441
-0.128561 0.166417 -0.39947
-0.128561 0.18233 -0.424499
-0.113285 -0.342822 0.414587
-0.113285 -0.326909 0.389558
-0.113285 -0.310995 0.364529
-0.113285 -0.295081 0.339501
-0.113285 -0.279167 0.314472
-0.113285 -0.263254 0.289443
-0.113285 -0.24734 0.264414
-0.113285 -0.231426 0.239385
-0.113285 -0.215513 0.214356
-0.113285 -0.199599 0.189327
-0.113285 -0.183685 0.164298
-0.113285 -0.167771 0.139269
-0.113285 -0.151858 0.114241
-0.113285 -0.135944 0.0892116
-0.113285 -0.12003 0.0641827
-0.113285 -0.104117 0.0391538
-0.113285 -0.0882028 0.0141249
-0.113285 -0.0722891 -0.0109039
-0.113285 -0.0563754 -0.0359328
-0.113285 -0.0404617 -0.0609617
-0.113285 -0.0245479 -0.0859906
-0.113285 -0.00863422 -0.11102
-0.113285 0.00727949 -0.136048
-0.113285 0.0231932 -0.161077
-0.113285 0.0391069 -0.186106
-0.113285 0.0550206 -0.211135
-0.113285 0.0709344 -0.236164
-0.113285 0.0868481 -0.261193
-0.113285 0.102762 -0.286222
-0.113285 0.118676 -0.311251
-0.113285 0.134589 -0.33628
-0.113285 0.150503 -0.361308
-0.113285 0.166417 -0.386337
-0.113285 0.18233 -0.411366
-0.0980097 -0.326909 0.402691
-0.0980097 -0.310995 0.377662
-0.0980097 -0.295081 0.352633
-0.0980097 -0.279167 0.327604
-0.0980097 -0.263254 0.302576
-0.0980097 -0.24734 0.277547
-0.0980097 -0.231426 0.252518
-0.0980097 -0.215513 0.227489
-0.0980097 -0.199599 0.20246
-0.0980097 -0.183685 0.177431
-0.0980097 -0.167771 0.152402
-0.0980097 -0.151858 0.127373
-0.0980097 -0.135944 0.102344
-0.0980097 -0.12003 0.0773156
-0.0980097 -0.104117 0.0522867
-0.0980097 -0.0882028 0.0272578
-0.0980097 -0.0722891 0.00222891
-0.0980097 -0.0563754 -0.0228
-0.0980097 -0.0404617 -0.0478289
-0.0980097 -0.0245479 -0.0728578
-0.0980097 -0.00863422 -0.0978867
-0.0980097 0.00727949 -0.122916
-0.0980097 0.0231932 -0.147944
-0.0980097 0.0391069 -0.172973
-0.0980097 0.0550206 -0.198002
-0.0980097 0.0709344 -0.223031
-0.0980097 0.0868481 -0.24806
-0.0980097 0.102762 -0.273089
-0.0980097 0.118676 -0.298118
-0.0980097 0.134589 -0.323147
-0.0980097 0.150503 -0.348176
-0.0980097 0.166417 -0.373204
-0.0980097 0.18233 -0.398233
-0.0980097 0.198244 -0.423262
-0.0827339 -0.326909 0.415824
-0.0827339 -0.310995 0.390795
-0.0827339 -0.295081 0.365766
-0.0827339 -0.279167 0.340737
-0.0827339 -0.263254 0.315708
-0.0827339 -0.24734 0.29068
-0.0827339 -0.231426 0.265651
-0.0827339 -0.215513 0.240622
-0.0827339 -0.199599 0.215593
-0.0827339 -0.183685 0.190564
-0.0827339 -0.167771 0.165535
-0.0827339 -0.151858 0.140506
-0.0827339 -0.135944 0.115477
-0.0827339 -0.12003 0.0904484
-0.0827339 -0.104117 0.0654195
-0.0827339 -0.0882028 0.0403907
-0.0827339 -0.0722891 0.0153618
-0.0827339 -0.0563754 -0.00966713
-0.0827339 -0.0404617 -0.034696
-0.0827339 -0.0245479 -0.0597249
-0.0827339 -0.00863422 -0.0847538
-0.0827339 0.00727949 -0.109783
-0.0827339 0.0231932 -0.134812
-0.0827339 0.0391069 -0.15984
-0.0827339 0.0550206 -0.184869
-0.0827339 0.0709344 -0.209898
-0.0827339 0.0868481 -0.234927
-0.0827339 0.102762 -0.259956
-0.0827339 0.118676 -0.284985
-0.0827339 0.134589 -0.310014
-0.0827339 0.150503 -0.335043
-0.0827339 0.166417 -0.360072
-0.0827339 0.18233 -0.3851
-0.0827339 0.198244 -0.410129
-0.0674581 -0.310995 0.403928
-0.0674581 -0.295081 0.378899
-0.0674581 -0.279167 0.35387
-0.0674581 -0.263254 0.328841
-0.0674581 -0.24734 0.303812
-0.0674581 -0.231426 0.278784
-0.0674581 -0.215513 0.253755
-0.0674581 -0.199599 0.228726
-0.0674581 -0.183685 0.203697
-0.0674581 -0.167771 0.178668
-0.0674581 -0.151858 0.153639
-0.0674581 -0.135944 0.12861
-0.0674581 -0.12003 0.103581
-0.0674581 -0.104117 0.0785524
-0.0674581 -0.0882028 0.0535235
-0.0674581 -0.0722891 0.0284946
-0.0674581 -0.0563754 0.00346573
-0.0674581 -0.0404617 -0.0215632
-0.0674581 -0.0245479 -0.0465921
-0.0674581 -0.00863422 -0.0716209
-0.0674581 0.00727949 -0.0966498
-0.0674581 0.0231932 -0.121679
-0.0674581 0.0391069 -0.146708
-0.0674581 0.0550206 -0.171737
-0.0674581 0.0709344 -0.196765
-0.0674581 0.0868481 -0.221794
-0.0674581 0.102762 -0.246823
-0.0674581 0.118676 -0.271852
-0.0674581 0.134589 -0.296881
-0.0674581 0.150503 -0.32191
-0.0674581 0.166417 -0.346939
-0.0674581 0.18233 -0.371968
-0.0674581 0.198244 -0.396997
-0.0674581 0.214158 -0.422025
-0.0521823 -0.310995 0.417061
-0.0521823 -0.295081 0.392032
-0.0521823 -0.279167 0.367003
-0.0521823 -0.263254 0.341974
-0.0521823 -0.24734 0.316945
-0.0521823 -0.231426 0.291916
-0.0521823 -0.215513 0.266887
-0.0521823 -0.199599 0.241859
-0.0521823 -0.183685 0.21683
-0.0521823 -0.167771 0.191801
-0.0521823 -0.151858 0.166772
-0.0521823 -0.135944 0.141743
-0.0521823 -0.12003 0.116714
-0.0521823 -0.104117 0.0916853
-0.0521823 -0.0882028 0.0666564
-0.0521823 -0.0722891 0.0416275
-0.0521823 -0.0563754 0.0165986
-0.0521823 -0.0404617 -0.00843031
-0.0521823 -0.0245479 -0.0334592
-0.0521823 -0.00863422 -0.0584881
-0.0521823 0.00727949 -0.083517
-0.0521823 0.0231932 -0.108546
-0.0521823 0.0391069 -0.133575
-0.0521823 0.0550206 -0.158604
-0.0521823 0.0709344 -0.183633
-0.0521823 0.0868481 -0.208661
-0.0521823 0.102762 -0.23369
-0.0521823 0.118676 -0.258719
-0.0521823 0.134589 -0.283748
-0.0521823 0.150503 -0.308777
-0.0521823 0.166417 -0.333806
-0.0521823 0.18233 -0.358835
-0.0521823 0.198244 -0.383864
-0.0521823 0.214158 -0.408893
-0.0369065 -0.295081 0.405165
-0.0369065 -0.279167 0.380136
-0.0369065 -0.263254 0.355107
-0.0369065 -0.24734 0.330078
-0.0369065 -0.231426 0.305049
-0.0369065 -0.215513 0.28002
-0.0369065 -0.199599 0.254991
-0.0369065 -0.183685 0.229963
-0.0369065 -0.167771 0.204934
-0.0369065 -0.151858 0.179905
-0.0369065 -0.135944 0.154876
-0.0369065 -0.12003 0.129847
-0.0369065 -0.104117 0.104818
-0.0369065 -0.0882028 0.0797892
-0.0369065 -0.0722891 0.0547603
-0.0369065 -0.0563754 0.0297314
-0.0369065 -0.0404617 0.00470255
-0.0369065 -0.0245479 -0.0203263
-0.0369065 -0.00863422 -0.0453552
-0.0369065 0.00727949 -0.0703841
-0.0369065 0.0231932 -0.095413
-0.0369065 0.0391069 -0.120442
-0.0369065 0.0550206 -0.145471
-0.0369065 0.0709344 -0.1705
-0.0369065 0.0868481 -0.195529
-0.0369065 0.102762 -0.220557
-0.0369065 0.118676 -0.245586
-0.0369065 0.134589 -0.270615
-0.0369065 0.150503 -0.295644
-0.0369065 0.166417 -0.320673
-0.0369065 0.18233 -0.345702
-0.0369065 0.198244 -0.370731
-0.0369065 0.214158 -0.39576
-0.0369065 0.230072 -0.420789
-0.0216307 -0.295081 0.418298
-0.0216307 -0.279167 0.393269
-0.0216307 -0.263254 0.36824
-0.0216307 -0.24734 0.343211
-0.0216307 -0.231426 0.318182
-0.0216307 -0.215513 0.293153
-0.0216307 -0.199599 0.268124
-0.0216307 -0.183685 0.243095
-0.0216307 -0.167771 0.218067
-0.0216307 -0.151858 0.193038
-0.0216307 -0.135944 0.168009
-0.0216307 -0.12003 0.14298
-0.0216307 -0.104117 0.117951
-0.0216307 -0.0882028 0.0929221
-0.0216307 -0.0722891 0.0678932
-0.0216307 -0.0563754 0.0428643
-0.0216307 -0.0404617 0.0178354
-0.0216307 -0.0245479 -0.00719349
-0.0216307 -0.00863422 -0.0322224
-0.0216307 0.00727949 -0.0572513
-0.0216307 0.0231932 -0.0822802
-0.0216307 0.0391069 -0.107309
-0.0216307 0.0550206 -0.132338
-0.0216307 0.0709344 -0.157367
-0.0216307 0.0868481 -0.182396
-0.0216307 0.102762 -0.207425
-0.0216307 0.118676 -0.232453
-0.0216307 0.134589 -0.257482
-0.0216307 0.150503 -0.282511
-0.0216307 0.166417 -0.30754
-0.0216307 0.18233 -0.332569
-0.0216307 0.198244 -0.357598
-0.0216307 0.214158 -0.382627
-0.0216307 0.230072 -0.407656
-0.0063549 -0.279167 0.406402
-0.0063549 -0.263254 0.381373
-0.0063549 -0.24734 0.356344
-0.0063549 -0.231426 0.331315
-0.0063549 -0.215513 0.306286
-0.0063549 -0.199599 0.281257
-0.0063549 -0.183685 0.256228
-0.0063549 -0.167771 0.231199
-0.0063549 -0.151858 0.20617
-0.0063549 -0.135944 0.181142
-0.0063549 -0.12003 0.156113
-0.0063549 -0.104117 0.131084
-0.0063549 -0.0882028 0.106055
-0.0063549 -0.0722891 0.081026
-0.0063549 -0.0563754 0.0559971
-0.0063549 -0.0404617 0.0309683
-0.0063549 -0.0245479 0.00593937
-0.0063549 -0.00863422 -0.0190895
-0.0063549 0.00727949 -0.0441184
-0.0063549 0.0231932 -0.0691473
-0.0063549 0.0391069 -0.0941762
-0.0063549 0.0550206 -0.119205
-0.0063549 0.0709344 -0.144234
-0.0063549 0.0868481 -0.169263
-0.0063549 0.102762 -0.194292
-0.0063549 0.118676 -0.219321
-0.0063549 0.134589 -0.24435
-0.0063549 0.150503 -0.269378
-0.0063549 0.166417 -0.294407
-0.0063549 0.18233 -0.319436
-0.0063549 0.198244 -0.344465
-0.0063549 0.214158 -0.369494
-0.0063549 0.230072 -0.394523
-0.0063549 0.245985 -0.419552
0.00892089 -0.279167 0.419534
0.00892089 -0.263254 0.394506
0.00892089 -0.24734 0.369477
0.00892089 -0.231426 0.344448
0.00892089 -0.215513 0.319419
0.00892089 -0.199599 0.29439
0.00892089 -0.183685 0.269361
0.00892089 -0.167771 0.244332
0.00892089 -0.151858 0.219303
0.00892089 -0.135944 0.194274
0.00892089 -0.12003 0.169246
0.00892089 -0.104117 0.144217
0.00892089 -0.0882028 0.119188
0.00892089 -0.0722891 0.0941589
0.00892089 -0.0563754 0.06913
0.00892089 -0.0404617 0.0441011
0.00892089 -0.0245479 0.0190722
0.00892089 -0.00863422 -0.00595667
0.00892089 0.00727949 -0.0309856
0.00892089 0.0231932 -0.0560144
0.00892089 0.0391069 -0.0810433
0.00892089 0.0550206 -0.106072
0.00892089 0.0709344 -0.131101
0.00892089 0.0868481 -0.15613
0.00892089 0.102762 -0.181159
0.00892089 0.118676 -0.206188
0.00892089 0.134589 -0.231217
0.00892089 0.150503 -0.256246
0.00892089 0.166417 -0.281274
0.00892089 0.18233 -0.306303
0.00892089 0.198244 -0.331332
0.00892089 0.214158 -0.356361
0.00892089 0.230072 -0.38139
0.00892089 0.245985 -0.406419
0.00892089 0.261899 -0.431448
0.0241967 -0.263254 0.407638
0.0241967 -0.24734 0.38261
0.0241967 -0.231426 0.357581
0.0241967 -0.215513 0.332552
0.0241967 -0.199599 0.307523
0.0241967 -0.183685 0.282494
0.0241967 -0.167771 0.257465
0.0241967 -0.151858 0.232436
0.0241967 -0.135944 0.207407
0.0241967 -0.12003 0.182378
0.0241967 -0.104117 0.15735
0.0241967 -0.0882028 0.132321
0.0241967 -0.0722891 0.107292
0.0241967 -0.0563754 0.0822629
0.0241967 -0.0404617 0.057234
0.0241967 -0.0245479 0.0322051
0.0241967 -0.00863422 0.00717619
0.0241967 0.00727949 -0.0178527
0.0241967 0.0231932 -0.0428816
0.0241967 0.0391069 -0.0679105
0.0241967 0.0550206 -0.0929394
0.0241967 0.0709344 -0.117968
0.0241967 0.0868481 -0.142997
0.0241967 0.102762 -0.168026
0.0241967 0.118676 -0.193055
0.0241967 0.134589 -0.218084
0.0241967 0.150503 -0.243113
0.0241967 0.166417 -0.268142
0.0241967 0.18233 -0.29317
0.0241967 0.198244 -0.318199
0.0241967 0.214158 -0.343228
0.0241967 0.230072 -0.368257
0.0241967 0.245985 -0.393286
0.0241967 0.261899 -0.418315
0.0394725 -0.24734 0.395742
0.0394725 -0.231426 0.370714
0.0394725 -0.215513 0.345685
0.0394725 -0.199599 0.320656
0.0394725 -0.183685 0.295627
0.0394725 -0.167771 0.270598
0.0394725 -0.151858 0.245569
0.0394725 -0.135944 0.22054
0.0394725 -0.12003 0.195511
0.0394725 -0.104117 0.170482
0.0394725 -0.0882028 0.145453
0.0394725 -0.0722891 0.120425
0.0394725 -0.0563754 0.0953957
0.0394725 -0.0404617 0.0703668
0.0394725 -0.0245479 0.0453379
0.0394725 -0.00863422 0.020309
0.0394725 0.00727949 -0.00471984
0.0394725 0.0231932 -0.0297487
0.0394725 0.0391069 -0.0547776
0.0394725 0.0550206 -0.0798065
0.0394725 0.0709344 -0.104835
0.0394725 0.0868481 -0.129864
0.0394725 0.102762 -0.154893
0.0394725 0.118676 -0.179922
0.0394725 0.134589 -0.204951
0.0394725 0.150503 -0.22998
0.0394725 0.166417 -0.255009
0.0394725 0.18233 -0.280038
0.0394725 0.198244 -0.305067
0.0394725 0.214158 -0.330095
0.0394725 0.230072 -0.355124
0.0394725 0.245985 -0.380153
0.0394725 0.261899 -0.405182
0.0394725 0.277813 -0.430211
0.0547483 -0.24734 0.408875
0.0547483 -0.231426 0.383846
0.0547483 -0.215513 0.358817
0.0547483 -0.199599 0.333789
0.0547483 -0.183685 0.30876
0.0547483 -0.167771 0.283731
0.0547483 -0.151858 0.258702
0.0547483 -0.135944 0.233673
0.0547483 -0.12003 0.208644
0.0547483 -0.104117 0.183615
0.0547483 -0.0882028 0.158586
0.0547483 -0.0722891 0.133557
0.0547483 -0.0563754 0.108529
0.0547483 -0.0404617 0.0834997
0.0547483 -0.0245479 0.0584708
0.0547483 -0.00863422 0.0334419
0.0547483 0.00727949 0.00841301
0.0547483 0.0231932 -0.0166159
0.0547483 0.0391069 -0.0416448
0.0547483 0.0550206 -0.0666737
0.0547483 0.0709344 -0.0917025
0.0547483 0.0868481 -0.116731
0.0547483 0.102762 -0.14176
0.0547483 0.118676 -0.166789
0.0547483 0.134589 -0.191818
0.0547483 0.150503 -0.216847
0.0547483 0.166417 -0.241876
0.0547483 0.18233 -0.266905
0.0547483 0.198244 -0.291934
0.0547483 0.214158 -0.316963
0.0547483 0.230072 -0.341991
0.0547483 0.245985 -0.36702
0.0547483 0.261899 -0.392049
0.0547483 0.277813 -0.417078
0.0700241 -0.231426 0.396979
0.0700241 -0.215513 0.37195
0.0700241 -0.199599 0.346921
0.0700241 -0.183685 0.321893
0.0700241 -0.167771 0.296864
0.0700241 -0.151858 0.271835
0.0700241 -0.135944 0.246806
0.0700241 -0.12003 0.221777
0.0700241 -0.104117 0.196748
0.0700241 -0.0882028 0.171719
0.0700241 -0.0722891 0.14669
0.0700241 -0.0563754 0.121661
0.0700241 -0.0404617 0.0966325
0.0700241 -0.0245479 0.0716036
0.0700241 -0.00863422 0.0465748
0.0700241 0.00727949 0.0215459
0.0700241 0.0231932 -0.00348302
0.0700241 0.0391069 -0.0285119
0.0700241 0.0550206 -0.0535408
0.0700241 0.0709344 -0.0785697
0.0700241 0.0868481 -0.103599
0.0700241 0.102762 -0.128627
0.0700241 0.118676 -0.153656
0.0700241 0.134589 -0.178685
0.0700241 0.150503 -0.203714
0.0700241 0.166417 -0.228743
0.0700241 0.18233 -0.253772
0.0700241 0.198244 -0.278801
0.0700241 0.214158 -0.30383
0.0700241 0.230072 -0.328859
0.0700241 0.245985 -0.353887
0.0700241 0.261899 -0.378916
0.0700241 0.277813 -0.403945
0.0700241 0.293726 -0.428974
0.0852999 -0.231426 0.410112
0.0852999 -0.215513 0.385083
0.0852999 -0.199599 0.360054
0.0852999 -0.183685 0.335025
0.0852999 -0.167771 0.309997
0.0852999 -0.151858 0.284968
0.0852999 -0.135944 0.259939
0.0852999 -0.12003 0.23491
0.0852999 -0.104117 0.209881
0.0852999 -0.0882028 0.184852
0.0852999 -0.0722891 0.159823
0.0852999 -0.0563754 0.134794
0.0852999 -0.0404617 0.109765
0.0852999 -0.0245479 0.0847365
0.0852999 -0.00863422 0.0597076
0.0852999 0.00727949 0.0346787
0.0852999 0.0231932 0.00964983
0.0852999 0.0391069 -0.0153791
0.0852999 0.0550206 -0.0404079
0.0852999 0.0709344 -0.0654368
0.0852999 0.0868481 -0.0904657
0.0852999 0.102762 -0.115495
0.0852999 0.118676 -0.140524
0.0852999 0.134589 -0.165552
0.0852999 0.150503 -0.190581
0.0852999 0.166417 -0.21561
0.0852999 0.18233 -0.240639
0.0852999 0.198244 -0.265668
0.0852999 0.214158 -0.290697
0.0852999 0.230072 -0.315726
0.0852999 0.245985 -0.340755
0.0852999 0.261899 -0.365784
0.0852999 0.277813 -0.390812
0.0852999 0.293726 -0.415841
0.100576 -0.215513 0.398216
0.100576 -0.199599 0.373187
0.100576 -0.183685 0.348158
0.100576 -0.167771 0.323129
0.100576 -0.151858 0.2981
0.100576 -0.135944 0.273072
0.100576 -0.12003 0.248043
0.100576 -0.104117 0.223014
0.100576 -0.0882028 0.197985
0.100576 -0.0722891 0.172956
0.100576 -0.0563754 0.147927
0.100576 -0.0404617 0.122898
0.100576 -0.0245479 0.0978694
0.100576 -0.00863422 0.0728405
0.100576 0.00727949 0.0478116
0.100576 0.0231932 0.0227827
0.100576 0.0391069 -0.0022462
0.100576 0.0550206 -0.0272751
0.100576 0.0709344 -0.052304
0.100576 0.0868481 -0.0773329
0.100576 0.102762 -0.102362
0.100576 0.118676 -0.127391
0.100576 0.134589 -0.15242
0.100576 0.150503 -0.177448
0.100576 0.166417 -0.202477
0.100576 0.18233 -0.227506
0.100576 0.198244 -0.252535
0.100576 0.214158 -0.277564
0.100576 0.230072 -0.302593
0.100576 0.245985 -0.327622
0.100576 0.261899 -0.352651
0.100576 0.277813 -0.37768
0.100576 0.293726 -0.402708
0.100576 0.30964 -0.427737
0.115851 -0.215513 0.411349
0.115851 -0.199599 0.38632
0.115851 -0.183685 0.361291
0.115851 -0.167771 0.336262
0.115851 -0.151858 0.311233
0.115851 -0.135944 0.286204
0.115851 -0.12003 0.261176
0.115851 -0.104117 0.236147
0.115851 -0.0882028 0.211118
0.115851 -0.0722891 0.186089
0.115851 -0.0563754 0.16106
0.115851 -0.0404617 0.136031
0.115851 -0.0245479 0.111002
0.115851 -0.00863422 0.0859733
0.115851 0.00727949 0.0609444
0.115851 0.0231932 0.0359155
0.115851 0.0391069 0.0108867
0.115851 0.0550206 -0.0141422
0.115851 0.0709344 -0.0391711
0.115851 0.0868481 -0.0642
0.115851 0.102762 -0.0892289
0.115851 0.118676 -0.114258
0.115851 0.134589 -0.139287
0.115851 0.150503 -0.164316
0.115851 0.166417 -0.189344
0.115851 0.18233 -0.214373
0.115851 0.198244 -0.239402
0.115851 0.214158 -0.264431
0.115851 0.230072 -0.28946
0.115851 0.245985 -0.314489
0.115851 0.261899 -0.339518
0.115851 0.277813 -0.364547
0.115851 0.293726 -0.389576
0.115851 0.30964 -0.414604
0.131127 -0.199599 0.399453
0.131127 -0.183685 0.374424
0.131127 -0.167771 0.349395
0.131127 -0.151858 0.324366
0.131127 -0.135944 0.299337
0.131127 -0.12003 0.274308
0.131127 -0.104117 0.24928
0.131127 -0.0882028 0.224251
0.131127 -0.0722891 0.199222
0.131127 -0.0563754 0.174193
0.131127 -0.0404617 0.149164
0.131127 -0.0245479 0.124135
0.131127 -0.00863422 0.0991062
0.131127 0.00727949 0.0740773
0.131127 0.0231932 0.0490484
0.131127 0.0391069 0.0240195
0.131127 0.0550206 -0.00100938
0.131127 0.0709344 -0.0260383
0.131127 0.0868481 -0.0510672
0.131127 0.102762 -0.0760961
0.131127 0.118676 -0.101125
0.131127 0.134589 -0.126154
0.131127 0.150503 -0.151183
0.131127 0.166417 -0.176212
0.131127 0.18233 -0.201241
0.131127 0.198244 -0.226269
0.131127 0.214158 -0.251298
0.131127 0.230072 -0.276327
0.131127 0.245985 -0.301356
0.131127 0.261899 -0.326385
0.131127 0.277813 -0.351414
0.131127 0.293726 -0.376443
0.131127 0.30964 -0.401472
0.131127 0.325554 -0.426501
0.146403 -0.199599 0.412586
0.146403 -0.183685 0.387557
0.146403 -0.167771 0.362528
0.146403 -0.151858 0.337499
0.146403 -0.135944 0.31247
0.146403 -0.12003 0.287441
0.146403 -0.104117 0.262412
0.146403 -0.0882028 0.237383
0.146403 -0.0722891 0.212355
0.146403 -0.0563754 0.187326
0.146403 -0.0404617 0.162297
0.146403 -0.0245479 0.137268
0.146403 -0.00863422 0.112239
0.146403 0.00727949 0.0872101
0.146403 0.0231932 0.0621813
0.146403 0.0391069 0.0371524
0.146403 0.0550206 0.0121235
0.146403 0.0709344 -0.0129054
0.146403 0.0868481 -0.0379343
0.146403 0.102762 -0.0629632
0.146403 0.118676 -0.0879921
0.146403 0.134589 -0.113021
0.146403 0.150503 -0.13805
0.146403 0.166417 -0.163079
0.146403 0.18233 -0.188108
0.146403 0.198244 -0.213137
0.146403 0.214158 -0.238165
0.146403 0.230072 -0.263194
0.146403 0.245985 -0.288223
0.146403 0.261899 -0.313252
0.146403 0.277813 -0.338281
0.146403 0.293726 -0.36331
0.146403 0.30964 -0.388339
0.146403 0.325554 -0.413368
0.161679 -0.183685 0.40069
0.161679 -0.167771 0.375661
0.161679 -0.151858 0.350632
0.161679 -0.135944 0.325603
0.161679 -0.12003 0.300574
0.161679 -0.104117 0.275545
0.161679 -0.0882028 0.250516
0.161679 -0.0722891 0.225487
0.161679 -0.0563754 0.200459
0.161679 -0.0404617 0.17543
0.161679 -0.0245479 0.150401
0.161679 -0.00863422 0.125372
0.161679 0.00727949 0.100343
0.161679 0.0231932 0.0753141
0.161679 0.0391069 0.0502852
0.161679 0.0550206 0.0252563
0.161679 0.0709344 0.000227437
0.161679 0.0868481 -0.0248015
0.161679 0.102762 -0.0498303
0.161679 0.118676 -0.0748592
0.161679 0.134589 -0.0998881
0.161679 0.150503 -0.124917
0.161679 0.166417 -0.149946
0.161679 0.18233 -0.174975
0.161679 0.198244 -0.200004
0.161679 0.214158 -0.225033
0.161679 0.230072 -0.250061
0.161679 0.245985 -0.27509
0.161679 0.261899 -0.300119
0.161679 0.277813 -0.325148
0.161679 0.293726 -0.350177
0.161679 0.30964 -0.375206
0.161679 0.325554 -0.400235
0.161679 0.341468 -0.425264
0.176955 -0.183685 0.413823
0.176955 -0.167771 0.388794
0.176955 -0.151858 0.363765
0.176955 -0.135944 0.338736
0.176955 -0.12003 0.313707
0.176955 -0.104117 0.288678
0.176955 -0.0882028 0.263649
0.176955 -0.0722891 0.23862
0.176955 -0.0563754 0.213591
0.176955 -0.0404617 0.188563
0.176955 -0.0245479 0.163534
0.176955 -0.00863422 0.138505
0.176955 0.00727949 0.113476
0.176955 0.0231932 0.088447
0.176955 0.0391069 0.0634181
0.176955 0.0550206 0.0383892
0.176955 0.0709344 0.0133603
0.176955 0.0868481 -0.0116686
0.176955 0.102762 -0.0366975
0.176955 0.118676 -0.0617264
0.176955 0.134589 -0.0867553
0.176955 0.150503 -0.111784
0.176955 0.166417 -0.136813
0.176955 0.18233 -0.161842
0.176955 0.198244 -0.186871
0.176955 0.214158 -0.2119
0.176955 0.230072 -0.236929
0.176955 0.245985 -0.261957
0.176955 0.261899 -0.286986
0.176955 0.277813 -0.312015
0.176955 0.293726 -0.337044
0.176955 0.30964 -0.362073
0.176955 0.325554 -0.387102
0.176955 0.341468 -0.412131
0.19223 -0.167771 0.401926
0.19223 -0.151858 0.376898
0.19223 -0.135944 0.351869
0.19223 -0.12003 0.32684
0.19223 -0.104117 0.301811
0.19223 -0.0882028 0.276782
0.19223 -0.0722891 0.251753
0.19223 -0.0563754 0.226724
0.19223 -0.0404617 0.201695
0.19223 -0.0245479 0.176666
0.19223 -0.00863422 0.151638
0.19223 0.00727949 0.126609
0.19223 0.0231932 0.10158
0.19223 0.0391069 0.0765509
0.19223 0.0550206 0.051522
0.19223 0.0709344 0.0264931
0.19223 0.0868481 0.00146426
0.19223 0.102762 -0.0235646
0.19223 0.118676 -0.0485935
0.19223 0.134589 -0.0736224
0.19223 0.150503 -0.0986513
0.19223 0.166417 -0.12368
0.19223 0.18233 -0.148709
0.19223 0.198244 -0.173738
0.19223 0.214158 -0.198767
0.19223 0.230072 -0.223796
0.19223 0.245985 -0.248825
0.19223 0.261899 -0.273854
0.19223 0.277813 -0.298882
0.19223 0.293726 -0.323911
0.19223 0.30964 -0.34894
0.19223 0.325554 -0.373969
0.19223 0.341468 -0.398998
0.19223 0.357381 -0.424027
0.207506 -0.167771 0.415059
0.207506 -0.151858 0.39003
0.207506 -0.135944 0.365002
0.207506 -0.12003 0.339973
0.207506 -0.104117 0.314944
0.207506 -0.0882028 0.289915
0.207506 -0.0722891 0.264886
0.207506 -0.0563754 0.239857
0.207506 -0.0404617 0.214828
0.207506 -0.0245479 0.189799
0.207506 -0.00863422 0.16477
0.207506 0.00727949 0.139742
0.207506 0.0231932 0.114713
0.207506 0.0391069 0.0896838
0.207506 0.0550206 0.0646549
0.207506 0.0709344 0.039626
0.207506 0.0868481 0.0145971
0.207506 0.102762 -0.0104318
0.207506 0.118676 -0.0354607
0.207506 0.134589 -0.0604896
0.207506 0.150503 -0.0855184
0.207506 0.166417 -0.110547
0.207506 0.18233 -0.135576
0.207506 0.198244 -0.160605
0.207506 0.214158 -0.185634
0.207506 0.230072 -0.210663
0.207506 0.245985 -0.235692
0.207506 0.261899 -0.260721
0.207506 0.277813 -0.28575
0.207506 0.293726 -0.310778
0.207506 0.30964 -0.335807
0.207506 0.325554 -0.360836
0.207506 0.341468 -0.385865
0.207506 0.357381 -0.410894
0.222782 -0.151858 0.403163
0.222782 -0.135944 0.378134
0.222782 -0.12003 0.353106
0.222782 -0.104117 0.328077
0.222782 -0.0882028 0.303048
0.222782 -0.0722891 0.278019
0.222782 -0.0563754 0.25299
0.222782 -0.0404617 0.227961
0.222782 -0.0245479 0.202932
0.222782 -0.00863422 0.177903
0.222782 0.00727949 0.152874
0.222782 0.0231932 0.127846
0.222782 0.0391069 0.102817
0.222782 0.0550206 0.0777877
0.222782 0.0709344 0.0527589
0.222782 0.0868481 0.02773
0.222782 0.102762 0.00270108
0.222782 0.118676 -0.0223278
0.222782 0.134589 -0.0473567
0.222782 0.150503 -0.0723856
0.222782 0.166417 -0.0974145
0.222782 0.18233 -0.122443
0.222782 0.198244 -0.147472
0.222782 0.214158 -0.172501
0.222782 0.230072 -0.19753
0.222782 0.245985 -0.222559
0.222782 0.261899 -0.247588
0.222782 0.277813 -0.272617
0.222782 0.293726 -0.297646
0.222782 0.30964 -0.322674
0.222782 0.325554 -0.347703
0.222782 0.341468 -0.372732
0.222782 0.357381 -0.397761
0.222782 0.373295 -0.42279
0.238058 -0.151858 0.416296
0.238058 -0.135944 0.391267
0.238058 -0.12003 0.366238
0.238058 -0.104117 0.34121
0.238058 -0.0882028 0.316181
0.238058 -0.0722891 0.291152
0.238058 -0.0563754 0.266123
0.238058 -0.0404617 0.241094
0.238058 -0.0245479 0.216065
0.238058 -0.00863422 0.191036
0.238058 0.00727949 0.166007
0.238058 0.0231932 0.140978
0.238058 0.0391069 0.115949
0.238058 0.0550206 0.0909206
0.238058 0.0709344 0.0658917
0.238058 0.0868481 0.0408628
0.238058 0.102762 0.0158339
0.238058 0.118676 -0.00919496
0.238058 0.134589 -0.0342238
0.238058 0.150503 -0.0592527
0.238058 0.166417 -0.0842816
0.238058 0.18233 -0.109311
0.238058 0.198244 -0.134339
0.238058 0.214158 -0.159368
0.238058 0.230072 -0.184397
0.238058 0.245985 -0.209426
0.238058 0.261899 -0.234455
0.238058 0.277813 -0.259484
0.238058 0.293726 -0.284513
0.238058 0.30964 -0.309542
0.238058 0.325554 -0.334571
0.238058 0.341468 -0.359599
0.238058 0.357381 -0.384628
0.238058 0.373295 -0.409657
0.253334 -0.135944 0.4044
0.253334 -0.12003 0.379371
0.253334 -0.104117 0.354342
0.253334 -0.0882028 0.329313
0.253334 -0.0722891 0.304285
0.253334 -0.0563754 0.279256
0.253334 -0.0404617 0.254227
0.253334 -0.0245479 0.229198
0.253334 -0.00863422 0.204169
0.253334 0.00727949 0.17914
0.253334 0.0231932 0.154111
0.253334 0.0391069 0.129082
0.253334 0.0550206 0.104053
0.253334 0.0709344 0.0790246
0.253334 0.0868481 0.0539957
0.253334 0.102762 0.0289668
0.253334 0.118676 0.0039379
0.253334 0.134589 -0.021091
0.253334 0.150503 -0.0461199
0.253334 0.166417 -0.0711488
0.253334 0.18233 -0.0961777
0.253334 0.198244 -0.121207
0.253334 0.214158 -0.146235
0.253334 0.230072 -0.171264
0.253334 0.245985 -0.196293
0.253334 0.261899 -0.221322
0.253334 0.277813 -0.246351
0.253334 0.293726 -0.27138
0.253334 0.30964 -0.296409
0.253334 0.325554 -0.321438
0.253334 0.341468 -0.346467
0.253334 0.357381 -0.371495
0.253334 0.373295 -0.396524
0.253334 0.389209 -0.421553
0.268609 -0.135944 0.417533
0.268609 -0.12003 0.392504
0.268609 -0.104117 0.367475
0.268609 -0.0882028 0.342446
0.268609 -0.0722891 0.317417
0.268609 -0.0563754 0.292389
0.268609 -0.0404617 0.26736
0.268609 -0.0245479 0.242331
0.268609 -0.00863422 0.217302
0.268609 0.00727949 0.192273
0.268609 0.0231932 0.167244
0.268609 0.0391069 0.142215
0.268609 0.0550206 0.117186
0.268609 0.0709344 0.0921574
0.268609 0.0868481 0.0671285
0.268609 0.102762 0.0420996
0.268609 0.118676 0.0170708
0.268609 0.134589 -0.00795814
0.268609 0.150503 -0.032987
0.268609 0.166417 -0.0580159
0.268609 0.18233 -0.0830448
0.268609 0.198244 -0.108074
0.268609 0.214158 -0.133103
0.268609 0.230072 -0.158131
0.268609 0.245985 -0.18316
0.268609 0.261899 -0.208189
0.268609 0.277813 -0.233218
0.268609 0.293726 -0.258247
0.268609 0.30964 -0.283276
0.268609 0.325554 -0.308305
0.268609 0.341468 -0.333334
0.268609 0.357381 -0.358363
0.268609 0.373295 -0.383391
0.268609 0.389209 -0.40842
0.283885 -0.12003 0.405637
0.283885 -0.104117 0.380608
0.283885 -0.0882028 0.355579
0.283885 -0.0722891 0.33055
0.283885 -0.0563754 0.305521
0.283885 -0.0404617 0.280493
0.283885 -0.0245479 0.255464
0.283885 -0.00863422 0.230435
0.283885 0.00727949 0.205406
0.283885 0.0231932 0.180377
0.283885 0.0391069 0.155348
0.283885 0.0550206 0.130319
0.283885 0.0709344 0.10529
0.283885 0.0868481 0.0802614
0.283885 0.102762 0.0552325
0.283885 0.118676 0.0302036
0.283885 0.134589 0.00517472
0.283885 0.150503 -0.0198542
0.283885 0.166417 -0.0448831
0.283885 0.18233 -0.069912
0.283885 0.198244 -0.0949408
0.283885 0.214158 -0.11997
0.283885 0.230072 -0.144999
0.283885 0.245985 -0.170028
0.283885 0.261899 -0.195056
0.283885 0.277813 -0.220085
0.283885 0.293726 -0.245114
0.283885 0.30964 -0.270143
0.283885 0.325554 -0.295172
0.283885 0.341468 -0.320201
0.283885 0.357381 -0.34523
0.283885 0.373295 -0.370259
0.283885 0.389209 -0.395288
0.283885 0.405122 -0.420316
0.299161 -0.12003 0.41877
0.299161 -0.104117 0.393741
0.299161 -0.0882028 0.368712
0.299161 -0.0722891 0.343683
0.299161 -0.0563754 0.318654
0.299161 -0.0404617 0.293625
0.299161 -0.0245479 0.268596
0.299161 -0.00863422 0.243568
0.299161 0.00727949 0.218539
0.299161 0.0231932 0.19351
0.299161 0.0391069 0.168481
0.299161 0.0550206 0.143452
0.299161 0.0709344 0.118423
0.299161 0.0868481 0.0933942
0.299161 0.102762 0.0683654
0.299161 0.118676 0.0433365
0.299161 0.134589 0.0183076
0.299161 0.150503 -0.00672132
0.299161 0.166417 -0.0317502
0.299161 0.18233 -0.0567791
0.299161 0.198244 -0.081808
0.299161 0.214158 -0.106837
0.299161 0.230072 -0.131866
0.299161 0.245985 -0.156895
0.299161 0.261899 -0.181924
0.299161 0.277813 -0.206952
0.299161 0.293726 -0.231981
0.299161 0.30964 -0.25701
0.299161 0.325554 -0.282039
0.299161 0.341468 -0.307068
0.299161 0.357381 -0.332097
0.299161 0.373295 -0.357126
0.299161 0.389209 -0.382155
0.299161 0.405122 -0.407184
0.314437 -0.104117 0.406874
0.314437 -0.0882028 0.381845
0.314437 -0.0722891 0.356816
0.314437 -0.0563754 0.331787
0.314437 -0.0404617 0.306758
0.314437 -0.0245479 0.281729
0.314437 -0.00863422 0.2567
0.314437 0.00727949 0.231672
0.314437 0.0231932 0.206643
0.314437 0.0391069 0.181614
0.314437 0.0550206 0.156585
0.314437 0.0709344 0.131556
0.314437 0.0868481 0.106527
0.314437 0.102762 0.0814982
0.314437 0.118676 0.0564693
0.314437 0.134589 0.0314404
0.314437 0.150503 0.00641154
0.314437 0.166417 -0.0186173
0.314437 0.18233 -0.0436462
0.314437 0.198244 -0.0686751
0.314437 0.214158 -0.093704
0.314437 0.230072 -0.118733
0.314437 0.245985 -0.143762
0.314437 0.261899 -0.168791
0.314437 0.277813 -0.19382
0.314437 0.293726 -0.218848
0.314437 0.30964 -0.243877
0.314437 0.325554 -0.268906
0.314437 0.341468 -0.293935
0.314437 0.357381 -0.318964
0.314437 0.373295 -0.343993
0.314437 0.389209 -0.369022
0.314437 0.405122 -0.394051
0.329713 -0.104117 0.420007
0.329713 -0.0882028 0.394978
0.329713 -0.0722891 0.369949
0.329713 -0.0563754 0.34492
0.329713 -0.0404617 0.319891
0.329713 -0.0245479 0.294862
0.329713 -0.00863422 0.269833
0.329713 0.00727949 0.244804
0.329713 0.0231932 0.219776
0.329713 0.0391069 0.194747
0.329713 0.0550206 0.169718
0.329713 0.0709344 0.144689
0.329713 0.0868481 0.11966
0.329713 0.102762 0.0946311
0.329713 0.118676 0.0696022
0.329713 0.134589 0.0445733
0.329713 0.150503 0.0195444
0.329713 0.166417 -0.00548449
0.329713 0.18233 -0.0305134
0.329713 0.198244 -0.0555423
0.329713 0.214158 -0.0805712
0.329713 0.230072 -0.1056
0.329713 0.245985 -0.130629
0.329713 0.261899 -0.155658
0.329713 0.277813 -0.180687
0.329713 0.293726 -0.205716
0.329713 0.30964 -0.230745
0.329713 0.325554 -0.255773
0.329713 0.341468 -0.280802
0.329713 0.357381 -0.305831
0.329713 0.373295 -0.33086
0.329713 0.389209 -0.355889
0.329713 0.405122 -0.380918
0.344988 -0.0882028 0.408111
0.344988 -0.0722891 0.383082
0.344988 -0.0563754 0.358053
0.344988 -0.0404617 0.333024
0.344988 -0.0245479 0.307995
0.344988 -0.00863422 0.282966
0.344988 0.00727949 0.257937
0.344988 0.0231932 0.232908
0.344988 0.0391069 0.207879
0.344988 0.0550206 0.182851
0.344988 0.0709344 0.157822
0.344988 0.0868481 0.132793
0.344988 0.102762 0.107764
0.344988 0.118676 0.082735
0.344988 0.134589 0.0577061
0.344988 0.150503 0.0326773
0.344988 0.166417 0.00764836
0.344988 0.18233 -0.0173805
0.344988 0.198244 -0.0424094
0.344988 0.214158 -0.0674383
0.344988 0.230072 -0.0924672
0.344988 0.245985 -0.117496
0.344988 0.261899 -0.142525
0.344988 0.277813 -0.167554
0.344988 0.293726 -0.192583
0.344988 0.30964 -0.217612
0.344988 0.325554 -0.242641
0.344988 0.341468 -0.267669
0.344988 0.357381 -0.292698
0.344988 0.373295 -0.317727
0.344988 0.389209 -0.342756
0.344988 0.405122 -0.367785
0.360264 -0.0722891 0.396215
0.360264 -0.0563754 0.371186
0.360264 -0.0404617 0.346157
0.360264 -0.0245479 0.321128
0.360264 -0.00863422 0.296099
0.360264 0.00727949 0.27107
0.360264 0.0231932 0.246041
0.360264 0.0391069 0.221012
0.360264 0.0550206 0.195983
0.360264 0.0709344 0.170955
0.360264 0.0868481 0.145926
0.360264 0.102762 0.120897
0.360264 0.118676 0.0958679
0.360264 0.134589 0.070839
0.360264 0.150503 0.0458101
0.360264 0.166417 0.0207812
0.360264 0.18233 -0.00424767
0.360264 0.198244 -0.0292766
0.360264 0.214158 -0.0543055
0.360264 0.230072 -0.0793343
0.360264 0.245985 -0.104363
0.360264 0.261899 -0.129392
0.360264 0.277813 -0.154421
0.360264 0.293726 -0.17945
0.360264 0.30964 -0.204479
0.360264 0.325554 -0.229508
0.360264 0.341468 -0.254537
0.360264 0.357381 -0.279565
0.360264 0.373295 -0.304594
0.360264 0.389209 -0.329623
0.360264 0.405122 -0.354652
0.37554 -0.0722891 0.409347
0.37554 -0.0563754 0.384319
0.37554 -0.0404617 0.35929
0.37554 -0.0245479 0.334261
0.37554 -0.00863422 0.309232
0.37554 0.00727949 0.284203
0.37554 0.0231932 0.259174
0.37554 0.0391069 0.234145
0.37554 0.0550206 0.209116
0.37554 0.0709344 0.184087
0.37554 0.0868481 0.159059
0.37554 0.102762 0.13403
0.37554 0.118676 0.109001
0.37554 0.134589 0.0839719
0.37554 0.150503 0.058943
0.37554 0.166417 0.0339141
0.37554 0.18233 0.00888518
0.37554 0.198244 -0.0161437
0.37554 0.214158 -0.0411726
0.37554 0.230072 -0.0662015
0.37554 0.245985 -0.0912304
0.37554 0.261899 -0.116259
0.37554 0.277813 -0.141288
0.37554 0.293726 -0.166317
0.37554 0.30964 -0.191346
0.37554 0.325554 -0.216375
0.37554 0.341468 -0.241404
0.37554 0.357381 -0.266433
0.37554 0.373295 -0.291461
0.37554 0.389209 -0.31649
0.37554 0.405122 -0.341519
0.390816 -0.0563754 0.397451
0.390816 -0.0404617 0.372422
0.390816 -0.0245479 0.347394
0.390816 -0.00863422 0.322365
0.390816 0.00727949 0.297336
0.390816 0.0231932 0.272307
0.390816 0.0391069 0.247278
0.390816 0.0550206 0.222249
0.390816 0.0709344 0.19722
0.390816 0.0868481 0.172191
0.390816 0.102762 0.147162
0.390816 0.118676 0.122134
0.390816 0.134589 0.0971047
0.390816 0.150503 0.0720758
0.390816 0.166417 0.0470469
0.390816 0.18233 0.022018
0.390816 0.198244 -0.00301085
0.390816 0.214158 -0.0280397
0.390816 0.230072 -0.0530686
0.390816 0.245985 -0.0780975
0.390816 0.261899 -0.103126
0.390816 0.277813 -0.128155
0.390816 0.293726 -0.153184
0.390816 0.30964 -0.178213
0.390816 0.325554 -0.203242
0.390816 0.341468 -0.228271
0.390816 0.357381 -0.2533
0.390816 0.373295 -0.278329
0.390816 0.389209 -0.303358
0.390816 0.405122 -0.328386
-0.357698 -0.37465 0.254519
-0.342422 -0.37465 0.267652
-0.327147 -0.37465 0.280785
-0.311871 -0.37465 0.293918
-0.296595 -0.37465 0.307051
-0.281319 -0.37465 0.320184
-0.266043 -0.37465 0.333316
-0.250768 -0.37465 0.346449
-0.235492 -0.37465 0.359582
-0.220216 -0.37465 0.372715
-0.20494 -0.37465 0.385848
-0.189664 -0.37465 0.398981
-0.174389 -0.37465 0.412114
-0.357698 -0.358736 0.22949
-0.342422 -0.358736 0.242623
-0.327147 -0.358736 0.255756
-0.311871 -0.358736 0.268889
-0.296595 -0.358736 0.282022
-0.281319 -0.358736 0.295155
-0.266043 -0.358736 0.308288
-0.250768 -0.358736 0.32142
-0.235492 -0.358736 0.334553
-0.220216 -0.358736 0.347686
-0.20494 -0.358736 0.360819
-0.189664 -0.358736 0.373952
-0.174389 -0.358736 0.387085
-0.159113 -0.358736 0.400218
-0.143837 -0.358736 0.41335
-0.357698 -0.342822 0.204461
-0.342422 -0.342822 0.217594
-0.327147 -0.342822 0.230727
-0.311871 -0.342822 0.24386
-0.296595 -0.342822 0.256993
-0.281319 -0.342822 0.270126
-0.266043 -0.342822 0.283259
-0.250768 -0.342822 0.296391
-0.235492 -0.342822 0.309524
-0.220216 -0.342822 0.322657
-0.20494 -0.342822 0.33579
-0.189664 -0.342822 0.348923
-0.174389 -0.342822 0.362056
-0.159113 -0.342822 0.375189
-0.143837 -0.342822 0.388321
-0.128561 -0.342822 0.401454
-0.113285 -0.342822 0.414587
-0.357698 -0.326909 0.179433
-0.342422 -0.326909 0.192565
-0.327147 -0.326909 0.205698
-0.311871 -0.326909 0.218831
-0.296595 -0.326909 0.231964
-0.281319 -0.326909 0.245097
-0.266043 -0.326909 0.25823
-0.250768 -0.326909 0.271363
-0.235492 -0.326909 0.284495
-0.220216 -0.326909 0.297628
-0.20494 -0.326909 0.310761
-0.189664 -0.326909 0.323894
-0.174389 -0.326909 0.337027
-0.159113 -0.326909 0.35016
-0.143837 -0.326909 0.363293
-0.128561 -0.326909 0.376425
-0.113285 -0.326909 0.389558
-0.0980097 -0.326909 0.402691
-0.0827339 -0.326909 0.415824
-0.357698 -0.310995 0.154404
-0.342422 -0.310995 0.167537
-0.327147 -0.310995 0.180669
-0.311871 -0.310995 0.193802
-0.296595 -0.310995 0.206935
-0.281319 -0.310995 0.220068
-0.266043 -0.310995 0.233201
-0.250768 -0.310995 0.246334
-0.235492 -0.310995 0.259467
-0.220216 -0.310995 0.272599
-0.20494 -0.310995 0.285732
-0.189664 -0.310995 0.298865
-0.174389 -0.310995 0.311998
-0.159113 -0.310995 0.325131
-0.143837 -0.310995 0.338264
-0.128561 -0.310995 0.351397
-0.113285 -0.310995 0.364529
-0.0980097 -0.310995 0.377662
-0.0827339 -0.310995 0.390795
-0.0674581 -0.310995 0.403928
-0.0521823 -0.310995 0.417061
-0.357698 -0.295081 0.129375
-0.342422 -0.295081 0.142508
-0.327147 -0.295081 0.155641
-0.311871 -0.295081 0.168773
-0.296595 -0.295081 0.181906
-0.281319 -0.295081 0.195039
-0.266043 -0.295081 0.208172
-0.250768 -0.295081 0.221305
-0.235492 -0.295081 0.234438
-0.220216 -0.295081 0.247571
-0.20494 -0.295081 0.260703
-0.189664 -0.295081 0.273836
-0.174389 -0.295081 0.286969
-0.159113 -0.295081 0.300102
-0.143837 -0.295081 0.313235
-0.128561 -0.295081 0.326368
-0.113285 -0.295081 0.339501
-0.0980097 -0.295081 0.352633
-0.0827339 -0.295081 0.365766
-0.0674581 -0.295081 0.378899
-0.0521823 -0.295081 0.392032
-0.0369065 -0.295081 0.405165
-0.0216307 -0.295081 0.418298
-0.357698 -0.279167 0.104346
-0.342422 -0.279167 0.117479
-0.327147 -0.279167 0.130612
-0.311871 -0.279167 0.143745
-0.296595 -0.279167 0.156877
-0.281319 -0.279167 0.17001
-0.266043 -0.279167 0.183143
-0.250768 -0.279167 0.196276
-0.235492 -0.279167 0.209409
-0.220216 -0.279167 0.222542
-0.20494 -0.279167 0.235674
-0.189664 -0.279167 0.248807
-0.174389 -0.279167 0.26194
-0.159113 -0.279167 0.275073
-0.143837 -0.279167 0.288206
-0.128561 -0.279167 0.301339
-0.113285 -0.279167 0.314472
-0.0980097 -0.279167 0.327604
-0.0827339 -0.279167 0.340737
-0.0674581 -0.279167 0.35387
-0.0521823 -0.279167 0.367003
-0.0369065 -0.279167 0.380136
-0.0216307 -0.279167 0.393269
-0.0063549 -0.279167 0.406402
0.00892089 -0.279167 0.419534
-0.357698 -0.263254 0.079317
-0.342422 -0.263254 0.0924499
-0.327147 -0.263254 0.105583
-0.311871 -0.263254 0.118716
-0.296595 -0.263254 0.131848
-0.281319 -0.263254 0.144981
-0.266043 -0.263254 0.158114
-0.250768 -0.263254 0.171247
-0.235492 -0.263254 0.18438
-0.220216 -0.263254 0.197513
-0.20494 -0.263254 0.210646
-0.189664 -0.263254 0.223778
-0.174389 -0.263254 0.236911
-0.159113 -0.263254 0.250044
-0.143837 -0.263254 0.263177
-0.128561 -0.263254 0.27631
-0.113285 -0.263254 0.289443
-0.0980097 -0.263254 0.302576
-0.0827339 -0.263254 0.315708
-0.0674581 -0.263254 0.328841
-0.0521823 -0.263254 0.341974
-0.0369065 -0.263254 0.355107
-0.0216307 -0.263254 0.36824
-0.0063549 -0.263254 0.381373
0.00892089 -0.263254 0.394506
0.0241967 -0.263254 0.407638
-0.357698 -0.24734 0.0542882
-0.342422 -0.24734 0.067421
-0.327147 -0.24734 0.0805539
-0.311871 -0.24734 0.0936867
-0.296595 -0.24734 0.10682
-0.281319 -0.24734 0.119952
-0.266043 -0.24734 0.133085
-0.250768 -0.24734 0.146218
-0.235492 -0.24734 0.159351
-0.220216 -0.24734 0.172484
-0.20494 -0.24734 0.185617
-0.189664 -0.24734 0.19875
-0.174389 -0.24734 0.211882
-0.159113 -0.24734 0.225015
-0.143837 -0.24734 0.238148
-0.128561 -0.24734 0.251281
-0.113285 -0.24734 0.264414
-0.0980097 -0.24734 0.277547
-0.0827339 -0.24734 0.29068
-0.0674581 -0.24734 0.303812
-0.0521823 -0.24734 0.316945
-0.0369065 -0.24734 0.330078
-0.0216307 -0.24734 0.343211
-0.0063549 -0.24734 0.356344
0.00892089 -0.24734 0.369477
0.0241967 -0.24734 0.38261
0.0394725 -0.24734 0.395742
0.0547483 -0.24734 0.408875
-0.357698 -0.231426 0.0292593
-0.342422 -0.231426 0.0423921
-0.327147 -0.231426 0.055525
-0.311871 -0.231426 0.0686578
-0.296595 -0.231426 0.0817907
-0.281319 -0.231426 0.0949235
-0.266043 -0.231426 0.108056
-0.250768 -0.231426 0.121189
-0.235492 -0.231426 0.134322
-0.220216 -0.231426 0.147455
-0.20494 -0.231426 0.160588
-0.189664 -0.231426 0.173721
-0.174389 -0.231426 0.186854
-0.159113 -0.231426 0.199986
-0.143837 -0.231426 0.213119
-0.128561 -0.231426 0.226252
-0.113285 -0.231426 0.239385
-0.0980097 -0.231426 0.252518
-0.0827339 -0.231426 0.265651
-0.0674581 -0.231426 0.278784
-0.0521823 -0.231426 0.291916
-0.0369065 -0.231426 0.305049
-0.0216307 -0.231426 0.318182
-0.0063549 -0.231426 0.331315
0.00892089 -0.231426 0.344448
0.0241967 -0.231426 0.357581
0.0394725 -0.231426 0.370714
0.0547483 -0.231426 0.383846
0.0700241 -0.231426 0.396979
0.0852999 -0.231426 0.410112
-0.357698 -0.215513 0.00423038
-0.342422 -0.215513 0.0173632
-0.327147 -0.215513 0.0304961
-0.311871 -0.215513 0.0436289
-0.296595 -0.215513 0.0567618
-0.281319 -0.215513 0.0698947
-0.266043 -0.215513 0.0830275
-0.250768 -0.215513 0.0961604
-0.235492 -0.215513 0.109293
-0.220216 -0.215513 0.122426
-0.20494 -0.215513 0.135559
-0.189664 -0.215513 0.148692
-0.174389 -0.215513 0.161825
-0.159113 -0.215513 0.174957
-0.143837 -0.215513 0.18809
-0.128561 -0.215513 0.201223
-0.113285 -0.215513 0.214356
-0.0980097 -0.215513 0.227489
-0.0827339 -0.215513 0.240622
-0.0674581 -0.215513 0.253755
-0.0521823 -0.215513 0.266887
-0.0369065 -0.215513 0.28002
-0.0216307 -0.215513 0.293153
-0.0063549 -0.215513 0.306286
0.00892089 -0.215513 0.319419
0.0241967 -0.215513 0.332552
0.0394725 -0.215513 0.345685
0.0547483 -0.215513 0.358817
0.0700241 -0.215513 0.37195
0.0852999 -0.215513 0.385083
0.100576 -0.215513 0.398216
0.115851 -0.215513 0.411349
-0.357698 -0.199599 -0.0207985
-0.342422 -0.199599 -0.00766566
-0.327147 -0.199599 0.0054672
-0.311871 -0.199599 0.0186001
-0.296595 -0.199599 0.0317329
-0.281319 -0.199599 0.0448658
-0.266043 -0.199599 0.0579986
-0.250768 -0.199599 0.0711315
-0.235492 -0.199599 0.0842643
-0.220216 -0.199599 0.0973972
-0.20494 -0.199599 0.11053
-0.189664 -0.199599 0.123663
-0.174389 -0.199599 0.136796
-0.159113 -0.199599 0.149929
-0.143837 -0.199599 0.163061
-0.128561 -0.199599 0.176194
-0.113285 -0.199599 0.189327
-0.0980097 -0.199599 0.20246
-0.0827339 -0.199599 0.215593
-0.0674581 -0.199599 0.228726
-0.0521823 -0.199599 0.241859
-0.0369065 -0.199599 0.254991
-0.0216307 -0.199599 0.268124
-0.0063549 -0.199599 0.281257
0.00892089 -0.199599 0.29439
0.0241967 -0.199599 0.307523
0.0394725 -0.199599 0.320656
0.0547483 -0.199599 0.333789
0.0700241 -0.199599 0.346921
0.0852999 -0.199599 0.360054
0.100576 -0.199599 0.373187
0.115851 -0.199599 0.38632
0.131127 -0.199599 0.399453
0.146403 -0.199599 0.412586
-0.357698 -0.183685 -0.0458274
-0.342422 -0.183685 -0.0326945
-0.327147 -0.183685 -0.0195617
-0.311871 -0.183685 -0.00642884
-0.296595 -0.183685 0.00670402
-0.281319 -0.183685 0.0198369
-0.266043 -0.183685 0.0329697
-0.250768 -0.183685 0.0461026
-0.235492 -0.183685 0.0592354
-0.220216 -0.183685 0.0723683
-0.20494 -0.183685 0.0855012
-0.189664 -0.183685 0.098634
-0.174389 -0.183685 0.111767
-0.159113 -0.183685 0.1249
-0.143837 -0.183685 0.138033
-0.128561 -0.183685 0.151165
-0.113285 -0.183685 0.164298
-0.0980097 -0.183685 0.177431
-0.0827339 -0.183685 0.190564
-0.0674581 -0.183685 0.203697
-0.0521823 -0.183685 0.21683
-0.0369065 -0.183685 0.229963
-0.0216307 -0.183685 0.243095
-0.0063549 -0.183685 0.256228
0.00892089 -0.183685 0.269361
0.0241967 -0.183685 0.282494
0.0394725 -0.183685 0.295627
0.0547483 -0.183685 0.30876
0.0700241 -0.183685 0.321893
0.0852999 -0.183685 0.335025
0.100576 -0.183685 0.348158
0.115851 -0.183685 0.361291
0.131127 -0.183685 0.374424
0.146403 -0.183685 0.387557
0.161679 -0.183685 0.40069
0.176955 -0.183685 0.413823
-0.357698 -0.167771 -0.0708563
-0.342422 -0.167771 -0.0577234
-0.327147 -0.167771 -0.0445906
-0.311871 -0.167771 -0.0314577
-0.296595 -0.167771 -0.0183249
-0.281319 -0.167771 -0.00519202
-0.266043 -0.167771 0.00794084
-0.250768 -0.167771 0.0210737
-0.235492 -0.167771 0.0342066
-0.220216 -0.167771 0.0473394
-0.20494 -0.167771 0.0604723
-0.189664 -0.167771 0.0736051
-0.174389 -0.167771 0.086738
-0.159113 -0.167771 0.0998708
-0.143837 -0.167771 0.113004
-0.128561 -0.167771 0.126137
-0.113285 -0.167771 0.139269
-0.0980097 -0.167771 0.152402
-0.0827339 -0.167771 0.165535
-0.0674581 -0.167771 0.178668
-0.0521823 -0.167771 0.191801
-0.0369065 -0.167771 0.204934
-0.0216307 -0.167771 0.218067
-0.0063549 -0.167771 0.231199
0.00892089 -0.167771 0.244332
0.0241967 -0.167771 0.257465
0.0394725 -0.167771 0.270598
0.0547483 -0.167771 0.283731
0.0700241 -0.167771 0.296864
0.0852999 -0.167771 0.309997
0.100576 -0.167771 0.323129
0.115851 -0.167771 0.336262
0.131127 -0.167771 0.349395
0.146403 -0.167771 0.362528
0.161679 -0.167771 0.375661
0.176955 -0.167771 0.388794
0.19223 -0.167771 0.401926
0.207506 -0.167771 0.415059
-0.357698 -0.151858 -0.0958852
-0.342422 -0.151858 -0.0827523
-0.327147 -0.151858 -0.0696195
-0.311871 -0.151858 -0.0564866
-0.296595 -0.151858 -0.0433538
-0.281319 -0.151858 -0.0302209
-0.266043 -0.151858 -0.017088
-0.250768 -0.151858 -0.00395519
-0.235492 -0.151858 0.00917766
-0.220216 -0.151858 0.0223105
-0.20494 -0.151858 0.0354434
-0.189664 -0.151858 0.0485762
-0.174389 -0.151858 0.0617091
-0.159113 -0.151858 0.0748419
-0.143837 -0.151858 0.0879748
-0.128561 -0.151858 0.101108
-0.113285 -0.151858 0.114241
-0.0980097 -0.151858 0.127373
-0.0827339 -0.151858 0.140506
-0.0674581 -0.151858 0.153639
-0.0521823 -0.151858 0.166772
-0.0369065 -0.151858 0.179905
-0.0216307 -0.151858 0.193038
-0.0063549 -0.151858 0.20617
0.00892089 -0.151858 0.219303
0.0241967 -0.151858 0.232436
0.0394725 -0.151858 0.245569
0.0547483 -0.151858 0.258702
0.0700241 -0.151858 0.271835
0.0852999 -0.151858 0.284968
0.100576 -0.151858 0.2981
0.115851 -0.151858 0.311233
0.131127 -0.151858 0.324366
0.146403 -0.151858 0.337499
0.161679 -0.151858 0.350632
0.176955 -0.151858 0.363765
0.19223 -0.151858 0.376898
0.207506 -0.151858 0.39003
0.222782 -0.151858 0.403163
0.238058 -0.151858 0.416296
-0.357698 -0.135944 -0.120914
-0.342422 -0.135944 -0.107781
-0.327147 -0.135944 -0.0946484
-0.311871 -0.135944 -0.0815155
-0.296595 -0.135944 -0.0683826
-0.281319 -0.135944 -0.0552498
-0.266043 -0.135944 -0.0421169
-0.250768 -0.135944 -0.0289841
-0.235492 -0.135944 -0.0158512
-0.220216 -0.135944 -0.00271837
-0.20494 -0.135944 0.0104145
-0.189664 -0.135944 0.0235473
-0.174389 -0.135944 0.0366802
-0.159113 -0.135944 0.049813
-0.143837 -0.135944 0.0629459
-0.128561 -0.135944 0.0760788
-0.113285 -0.135944 0.0892116
-0.0980097 -0.135944 0.102344
-0.0827339 -0.135944 0.115477
-0.0674581 -0.135944 0.12861
-0.0521823 -0.135944 0.141743
-0.0369065 -0.135944 0.154876
-0.0216307 -0.135944 0.168009
-0.0063549 -0.135944 0.181142
0.00892089 -0.135944 0.194274
0.0241967 -0.135944 0.207407
0.0394725 -0.135944 0.22054
0.0547483 -0.135944 0.233673
0.0700241 -0.135944 0.246806
0.0852999 -0.135944 0.259939
0.100576 -0.135944 0.273072
0.115851 -0.135944 0.286204
0.131127 -0.135944 0.299337
0.146403 -0.135944 0.31247
0.161679 -0.135944 0.325603
0.176955 -0.135944 0.338736
0.19223 -0.135944 0.351869
0.207506 -0.135944 0.365002
0.222782 -0.135944 0.378134
0.238058 -0.135944 0.391267
0.253334 -0.135944 0.4044
0.268609 -0.135944 0.417533
-0.357698 -0.12003 -0.145943
-0.342422 -0.12003 -0.13281
-0.327147 -0.12003 -0.119677
-0.311871 -0.12003 -0.106544
-0.296595 -0.12003 -0.0934115
-0.281319 -0.12003 -0.0802787
-0.266043 -0.12003 -0.0671458
-0.250768 -0.12003 -0.054013
-0.235492 -0.12003 -0.0408801
-0.220216 -0.12003 -0.0277473
-0.20494 -0.12003 -0.0146144
-0.189664 -0.12003 -0.00148155
-0.174389 -0.12003 0.0116513
-0.159113 -0.12003 0.0247842
-0.143837 -0.12003 0.037917
-0.128561 -0.12003 0.0510499
-0.113285 -0.12003 0.0641827
-0.0980097 -0.12003 0.0773156
-0.0827339 -0.12003 0.0904484
-0.0674581 -0.12003 0.103581
-0.0521823 -0.12003 0.116714
-0.0369065 -0.12003 0.129847
-0.0216307 -0.12003 0.14298
-0.0063549 -0.12003 0.156113
0.00892089 -0.12003 0.169246
0.0241967 -0.12003 0.182378
0.0394725 -0.12003 0.195511
0.0547483 -0.12003 0.208644
0.0700241 -0.12003 0.221777
0.0852999 -0.12003 0.23491
0.100576 -0.12003 0.248043
0.115851 -0.12003 0.261176
0.131127 -0.12003 0.274308
0.146403 -0.12003 0.287441
0.161679 -0.12003 0.300574
0.176955 -0.12003 0.313707
0.19223 -0.12003 0.32684
0.207506 -0.12003 0.339973
0.222782 -0.12003 0.353106
0.238058 -0.12003 0.366238
0.253334 -0.12003 0.379371
0.268609 -0.12003 0.392504
0.283885 -0.12003 0.405637
0.299161 -0.12003 0.41877
-0.357698 -0.104117 -0.170972
-0.342422 -0.104117 -0.157839
-0.327147 -0.104117 -0.144706
-0.311871 -0.104117 -0.131573
-0.296595 -0.104117 -0.11844
-0.281319 -0.104117 -0.105308
-0.266043 -0.104117 -0.0921747
-0.250768 -0.104117 -0.0790419
-0.235492 -0.104117 -0.065909
-0.220216 -0.104117 -0.0527762
-0.20494 -0.104117 -0.0396433
-0.189664 -0.104117 -0.0265104
-0.174389 -0.104117 -0.0133776
-0.159113 -0.104117 -0.000244733
-0.143837 -0.104117 0.0128881
-0.128561 -0.104117 0.026021
-0.113285 -0.104117 0.0391538
-0.0980097 -0.104117 0.0522867
-0.0827339 -0.104117 0.0654195
-0.0674581 -0.104117 0.0785524
-0.0521823 -0.104117 0.0916853
-0.0369065 -0.104117 0.104818
-0.0216307 -0.104117 0.117951
-0.0063549 -0.104117 0.131084
0.00892089 -0.104117 0.144217
0.0241967 -0.104117 0.15735
0.0394725 -0.104117 0.170482
0.0547483 -0.104117 0.183615
0.0700241 -0.104117 0.196748
0.0852999 -0.104117 0.209881
0.100576 -0.104117 0.223014
0.115851 -0.104117 0.236147
0.131127 -0.104117 0.24928
0.146403 -0.104117 0.262412
0.161679 -0.104117 0.275545
0.176955 -0.104117 0.288678
0.19223 -0.104117 0.301811
0.207506 -0.104117 0.314944
0.222782 -0.104117 0.328077
0.238058 -0.104117 0.34121
0.253334 -0.104117 0.354342
0.268609 -0.104117 0.367475
0.283885 -0.104117 0.380608
0.299161 -0.104117 0.393741
0.314437 -0.104117 0.406874
0.329713 -0.104117 0.420007
-0.357698 -0.0882028 -0.196001
-0.342422 -0.0882028 -0.182868
-0.327147 -0.0882028 -0.169735
-0.311871 -0.0882028 -0.156602
-0.296595 -0.0882028 -0.143469
-0.281319 -0.0882028 -0.130336
-0.266043 -0.0882028 -0.117204
-0.250768 -0.0882028 -0.104071
-0.235492 -0.0882028 -0.0909379
-0.220216 -0.0882028 -0.077805
-0.20494 -0.0882028 -0.0646722
-0.189664 -0.0882028 -0.0515393
-0.174389 -0.0882028 -0.0384065
-0.159113 -0.0882028 -0.0252736
-0.143837 -0.0882028 -0.0121408
-0.128561 -0.0882028 0.000992087
-0.113285 -0.0882028 0.0141249
-0.0980097 -0.0882028 0.0272578
-0.0827339 -0.0882028 0.0403907
-0.0674581 -0.0882028 0.0535235
-0.0521823 -0.0882028 0.0666564
-0.0369065 -0.0882028 0.0797892
-0.0216307 -0.0882028 0.0929221
-0.0063549 -0.0882028 0.106055
0.00892089 -0.0882028 0.119188
0.0241967 -0.0882028 0.132321
0.0394725 -0.0882028 0.145453
0.0547483 -0.0882028 0.158586
0.0700241 -0.0882028 0.171719
0.0852999 -0.0882028 0.184852
0.100576 -0.0882028 0.197985
0.115851 -0.0882028 0.211118
0.131127 -0.0882028 0.224251
0.146403 -0.0882028 0.237383
0.161679 -0.0882028 0.250516
0.176955 -0.0882028 0.263649
0.19223 -0.0882028 0.276782
0.207506 -0.0882028 0.289915
0.222782 -0.0882028 0.303048
0.238058 -0.0882028 0.316181
0.253334 -0.0882028 0.329313
0.268609 -0.0882028 0.342446
0.283885 -0.0882028 0.355579
0.299161 -0.0882028 0.368712
0.314437 -0.0882028 0.381845
0.329713 -0.0882028 0.394978
0.344988 -0.0882028 0.408111
-0.357698 -0.0722891 -0.22103
-0.342422 -0.0722891 -0.207897
-0.327147 -0.0722891 -0.194764
-0.311871 -0.0722891 -0.181631
-0.296595 -0.0722891 -0.168498
-0.281319 -0.0722891 -0.155365
-0.266043 -0.0722891 -0.142232
-0.250768 -0.0722891 -0.1291
-0.235492 -0.0722891 -0.115967
-0.220216 -0.0722891 -0.102834
-0.20494 -0.0722891 -0.0897011
-0.189664 -0.0722891 -0.0765682
-0.174389 -0.0722891 -0.0634354
-0.159113 -0.0722891 -0.0503025
-0.143837 -0.0722891 -0.0371697
-0.128561 -0.0722891 -0.0240368
-0.113285 -0.0722891 -0.0109039
-0.0980097 -0.0722891 0.00222891
-0.0827339 -0.0722891 0.0153618
-0.0674581 -0.0722891 0.0284946
-0.0521823 -0.0722891 0.0416275
-0.0369065 -0.0722891 0.0547603
-0.0216307 -0.0722891 0.0678932
-0.0063549 -0.0722891 0.081026
0.00892089 -0.0722891 0.0941589
0.0241967 -0.0722891 0.107292
0.0394725 -0.0722891 0.120425
0.0547483 -0.0722891 0.133557
0.0700241 -0.0722891 0.14669
0.0852999 -0.0722891 0.159823
0.100576 -0.0722891 0.172956
0.115851 -0.0722891 0.186089
0.131127 -0.0722891 0.199222
0.146403 -0.0722891 0.212355
0.161679 -0.0722891 0.225487
0.176955 -0.0722891 0.23862
0.19223 -0.0722891 0.251753
0.207506 -0.0722891 0.264886
0.222782 -0.0722891 0.278019
0.238058 -0.0722891 0.291152
0.253334 -0.0722891 0.304285
0.268609 -0.0722891 0.317417
0.283885 -0.0722891 0.33055
0.299161 -0.0722891 0.343683
0.314437 -0.0722891 0.356816
0.329713 -0.0722891 0.369949
0.344988 -0.0722891 0.383082
0.360264 -0.0722891 0.396215
0.37554 -0.0722891 0.409347
-0.357698 -0.0563754 -0.246059
-0.342422 -0.0563754 -0.232926
-0.327147 -0.0563754 -0.219793
-0.311871 -0.0563754 -0.20666
-0.296595 -0.0563754 -0.193527
-0.281319 -0.0563754 -0.180394
-0.266043 -0.0563754 -0.167261
-0.250768 -0.0563754 -0.154129
-0.235492 -0.0563754 -0.140996
-0.220216 -0.0563754 -0.127863
-0.20494 -0.0563754 -0.11473
-0.189664 -0.0563754 -0.101597
-0.174389 -0.0563754 -0.0884643
-0.159113 -0.0563754 -0.0753314
-0.143837 -0.0563754 -0.0621985
-0.128561 -0.0563754 -0.0490657
-0.113285 -0.0563754 -0.0359328
-0.0980097 -0.0563754 -0.0228
-0.0827339 -0.0563754 -0.00966713
-0.0674581 -0.0563754 0.00346573
-0.0521823 -0.0563754 0.0165986
-0.0369065 -0.0563754 0.0297314
-0.0216307 -0.0563754 0.0428643
-0.0063549 -0.0563754 0.0559971
0.00892089 -0.0563754 0.06913
0.0241967 -0.0563754 0.0822629
0.0394725 -0.0563754 0.0953957
0.0547483 -0.0563754 0.108529
0.0700241 -0.0563754 0.121661
0.0852999 -0.0563754 0.134794
0.100576 -0.0563754 0.147927
0.115851 -0.0563754 0.16106
0.131127 -0.0563754 0.174193
0.146403 -0.0563754 0.187326
0.161679 -0.0563754 0.200459
0.176955 -0.0563754 0.213591
0.19223 -0.0563754 0.226724
0.207506 -0.0563754 0.239857
0.222782 -0.0563754 0.25299
0.238058 -0.0563754 0.266123
0.253334 -0.0563754 0.279256
0.268609 -0.0563754 0.292389
0.283885 -0.0563754 0.305521
0.299161 -0.0563754 0.318654
0.314437 -0.0563754 0.331787
0.329713 -0.0563754 0.34492
0.344988 -0.0563754 0.358053
0.360264 -0.0563754 0.371186
0.37554 -0.0563754 0.384319
0.390816 -0.0563754 0.397451
-0.357698 -0.0404617 -0.271087
-0.342422 -0.0404617 -0.257955
-0.327147 -0.0404617 -0.244822
-0.311871 -0.0404617 -0.231689
-0.296595 -0.0404617 -0.218556
-0.281319 -0.0404617 -0.205423
-0.266043 -0.0404617 -0.19229
-0.250768 -0.0404617 -0.179157
-0.235492 -0.0404617 -0.166025
-0.220216 -0.0404617 -0.152892
-0.20494 -0.0404617 -0.139759
-0.189664 -0.0404617 -0.126626
-0.174389 -0.0404617 -0.113493
-0.159113 -0.0404617 -0.10036
-0.143837 -0.0404617 -0.0872274
-0.128561 -0.0404617 -0.0740946
-0.113285 -0.0404617 -0.0609617
-0.0980097 -0.0404617 -0.0478289
-0.0827339 -0.0404617 -0.034696
-0.0674581 -0.0404617 -0.0215632
-0.0521823 -0.0404617 -0.00843031
-0.0369065 -0.0404617 0.00470255
-0.0216307 -0.0404617 0.0178354
-0.0063549 -0.0404617 0.0309683
0.00892089 -0.0404617 0.0441011
0.0241967 -0.0404617 0.057234
0.0394725 -0.0404617 0.0703668
0.0547483 -0.0404617 0.0834997
0.0700241 -0.0404617 0.0966325
0.0852999 -0.0404617 0.109765
0.100576 -0.0404617 0.122898
0.115851 -0.0404617 0.136031
0.131127 -0.0404617 0.149164
0.146403 -0.0404617 0.162297
0.161679 -0.0404617 0.17543
0.176955 -0.0404617 0.188563
0.19223 -0.0404617 0.201695
0.207506 -0.0404617 0.214828
0.222782 -0.0404617 0.227961
0.238058 -0.0404617 0.241094
0.253334 -0.0404617 0.254227
0.268609 -0.0404617 0.26736
0.283885 -0.0404617 0.280493
0.299161 -0.0404617 0.293625
0.314437 -0.0404617 0.306758
0.329713 -0.0404617 0.319891
0.344988 -0.0404617 0.333024
0.360264 -0.0404617 0.346157
0.37554 -0.0404617 0.35929
0.390816 -0.0404617 0.372422
-0.357698 -0.0245479 -0.296116
-0.342422 -0.0245479 -0.282983
-0.327147 -0.0245479 -0.269851
-0.311871 -0.0245479 -0.256718
-0.296595 -0.0245479 -0.243585
-0.281319 -0.0245479 -0.230452
-0.266043 -0.0245479 -0.217319
-0.250768 -0.0245479 -0.204186
-0.235492 -0.0245479 -0.191053
-0.220216 -0.0245479 -0.177921
-0.20494 -0.0245479 -0.164788
-0.189664 -0.0245479 -0.151655
-0.174389 -0.0245479 -0.138522
-0.159113 -0.0245479 -0.125389
-0.143837 -0.0245479 -0.112256
-0.128561 -0.0245479 -0.0991235
-0.113285 -0.0245479 -0.0859906
-0.0980097 -0.0245479 -0.0728578
-0.0827339 -0.0245479 -0.0597249
-0.0674581 -0.0245479 -0.0465921
-0.0521823 -0.0245479 -0.0334592
-0.0369065 -0.0245479 -0.0203263
-0.0216307 -0.0245479 -0.00719349
-0.0063549 -0.0245479 0.00593937
0.00892089 -0.0245479 0.0190722
0.0241967 -0.0245479 0.0322051
0.0394725 -0.0245479 0.0453379
0.0547483 -0.0245479 0.0584708
0.0700241 -0.0245479 0.0716036
0.0852999 -0.0245479 0.0847365
0.100576 -0.0245479 0.0978694
0.115851 -0.0245479 0.111002
0.131127 -0.0245479 0.124135
0.146403 -0.0245479 0.137268
0.161679 -0.0245479 0.150401
0.176955 -0.0245479 0.163534
0.19223 -0.0245479 0.176666
0.207506 -0.0245479 0.189799
0.222782 -0.0245479 0.202932
0.238058 -0.0245479 0.216065
0.253334 -0.0245479 0.229198
0.268609 -0.0245479 0.242331
0.283885 -0.0245479 0.255464
0.299161 -0.0245479 0.268596
0.314437 -0.0245479 0.281729
0.329713 -0.0245479 0.294862
0.344988 -0.0245479 0.307995
0.360264 -0.0245479 0.321128
0.37554 -0.0245479 0.334261
0.390816 -0.0245479 0.347394
-0.357698 -0.00863422 -0.321145
-0.342422 -0.00863422 -0.308012
-0.327147 -0.00863422 -0.294879
-0.311871 -0.00863422 -0.281747
-0.296595 -0.00863422 -0.268614
-0.281319 -0.00863422 -0.255481
-0.266043 -0.00863422 -0.242348
-0.250768 -0.00863422 -0.229215
-0.235492 -0.00863422 -0.216082
-0.220216 -0.00863422 -0.202949
-0.20494 -0.00863422 -0.189817
-0.189664 -0.00863422 -0.176684
-0.174389 -0.00863422 -0.163551
-0.159113 -0.00863422 -0.150418
-0.143837 -0.00863422 -0.137285
-0.128561 -0.00863422 -0.124152
-0.113285 -0.00863422 -0.11102
-0.0980097 -0.00863422 -0.0978867
-0.0827339 -0.00863422 -0.0847538
-0.0674581 -0.00863422 -0.0716209
-0.0521823 -0.00863422 -0.0584881
-0.0369065 -0.00863422 -0.0453552
-0.0216307 -0.00863422 -0.0322224
-0.0063549 -0.00863422 -0.0190895
0.00892089 -0.00863422 -0.00595667
0.0241967 -0.00863422 0.00717619
0.0394725 -0.00863422 0.020309
0.0547483 -0.00863422 0.0334419
0.0700241 -0.00863422 0.0465748
0.0852999 -0.00863422 0.0597076
0.100576 -0.00863422 0.0728405
0.115851 -0.00863422 0.0859733
0.131127 -0.00863422 0.0991062
0.146403 -0.00863422 0.112239
0.161679 -0.00863422 0.125372
0.176955 -0.00863422 0.138505
0.19223 -0.00863422 0.151638
0.207506 -0.00863422 0.16477
0.222782 -0.00863422 0.177903
0.238058 -0.00863422 0.191036
0.253334 -0.00863422 0.204169
0.268609 -0.00863422 0.217302
0.283885 -0.00863422 0.230435
0.299161 -0.00863422 0.243568
0.314437 -0.00863422 0.2567
0.329713 -0.00863422 0.269833
0.344988 -0.00863422 0.282966
0.360264 -0.00863422 0.296099
0.37554 -0.00863422 0.309232
0.390816 -0.00863422 0.322365
-0.357698 0.00727949 -0.346174
-0.342422 0.00727949 -0.333041
-0.327147 0.00727949 -0.319908
-0.311871 0.00727949 -0.306776
-0.296595 0.00727949 -0.293643
-0.281319 0.00727949 -0.28051
-0.266043 0.00727949 -0.267377
-0.250768 0.00727949 -0.254244
-0.235492 0.00727949 -0.241111
-0.220216 0.00727949 -0.227978
-0.20494 0.00727949 -0.214846
-0.189664 0.00727949 -0.201713
-0.174389 0.00727949 -0.18858
-0.159113 0.00727949 -0.175447
-0.143837 0.00727949 -0.162314
-0.128561 0.00727949 -0.149181
-0.113285 0.00727949 -0.136048
-0.0980097 0.00727949 -0.122916
-0.0827339 0.00727949 -0.109783
-0.0674581 0.00727949 -0.0966498
-0.0521823 0.00727949 -0.083517
-0.0369065 0.00727949 -0.0703841
-0.0216307 0.00727949 -0.0572513
-0.0063549 0.00727949 -0.0441184
0.00892089 0.00727949 -0.0309856
0.0241967 0.00727949 -0.0178527
0.0394725 0.00727949 -0.00471984
0.0547483 0.00727949 0.00841301
0.0700241 0.00727949 0.0215459
0.0852999 0.00727949 0.0346787
0.100576 0.00727949 0.0478116
0.115851 0.00727949 0.0609444
0.131127 0.00727949 0.0740773
0.146403 0.00727949 0.0872101
0.161679 0.00727949 0.100343
0.176955 0.00727949 0.113476
0.19223 0.00727949 0.126609
0.207506 0.00727949 0.139742
0.222782 0.00727949 0.152874
0.238058 0.00727949 0.166007
0.253334 0.00727949 0.17914
0.268609 0.00727949 0.192273
0.283885 0.00727949 0.205406
0.299161 0.00727949 0.218539
0.314437 0.00727949 0.231672
0.329713 0.00727949 0.244804
0.344988 0.00727949 0.257937
0.360264 0.00727949 0.27107
0.37554 0.00727949 0.284203
0.390816 0.00727949 0.297336
-0.357698 0.0231932 -0.371203
-0.342422 0.0231932 -0.35807
-0.327147 0.0231932 -0.344937
-0.311871 0.0231932 -0.331804
-0.296595 0.0231932 -0.318672
-0.281319 0.0231932 -0.305539
-0.266043 0.0231932 -0.292406
-0.250768 0.0231932 -0.279273
-0.235492 0.0231932 -0.26614
-0.220216 0.0231932 -0.253007
-0.20494 0.0231932 -0.239874
-0.189664 0.0231932 -0.226742
-0.174389 0.0231932 -0.213609
-0.159113 0.0231932 -0.200476
-0.143837 0.0231932 -0.187343
-0.128561 0.0231932 -0.17421
-0.113285 0.0231932 -0.161077
-0.0980097 0.0231932 -0.147944
-0.0827339 0.0231932 -0.134812
-0.0674581 0.0231932 -0.121679
-0.0521823 0.0231932 -0.108546
-0.0369065 0.0231932 -0.095413
-0.0216307 0.0231932 -0.0822802
-0.0063549 0.0231932 -0.0691473
0.00892089 0.0231932 -0.0560144
0.0241967 0.0231932 -0.0428816
0.0394725 0.0231932 -0.0297487
0.0547483 0.0231932 -0.0166159
0.0700241 0.0231932 -0.00348302
0.0852999 0.0231932 0.00964983
0.100576 0.0231932 0.0227827
0.115851 0.0231932 0.0359155
0.131127 0.0231932 0.0490484
0.146403 0.0231932 0.0621813
0.161679 0.0231932 0.0753141
0.176955 0.0231932 0.088447
0.19223 0.0231932 0.10158
0.207506 0.0231932 0.114713
0.222782 0.0231932 0.127846
0.238058 0.0231932 0.140978
0.253334 0.0231932 0.154111
0.268609 0.0231932 0.167244
0.283885 0.0231932 0.180377
0.299161 0.0231932 0.19351
0.314437 0.0231932 0.206643
0.329713 0.0231932 0.219776
0.344988 0.0231932 0.232908
0.360264 0.0231932 0.246041
0.37554 0.0231932 0.259174
0.390816 0.0231932 0.272307
-0.357698 0.0391069 -0.396232
-0.342422 0.0391069 -0.383099
-0.327147 0.0391069 -0.369966
-0.311871 0.0391069 -0.356833
-0.296595 0.0391069 -0.3437
-0.281319 0.0391069 -0.330568
-0.266043 0.0391069 -0.317435
-0.250768 0.0391069 -0.304302
-0.235492 0.0391069 -0.291169
-0.220216 0.0391069 -0.278036
-0.20494 0.0391069 -0.264903
-0.189664 0.0391069 -0.25177
-0.174389 0.0391069 -0.238638
-0.159113 0.0391069 -0.225505
-0.143837 0.0391069 -0.212372
-0.128561 0.0391069 -0.199239
-0.113285 0.0391069 -0.186106
-0.0980097 0.0391069 -0.172973
-0.0827339 0.0391069 -0.15984
-0.0674581 0.0391069 -0.146708
-0.0521823 0.0391069 -0.133575
-0.0369065 0.0391069 -0.120442
-0.0216307 0.0391069 -0.107309
-0.0063549 0.0391069 -0.0941762
0.00892089 0.0391069 -0.0810433
0.0241967 0.0391069 -0.0679105
0.0394725 0.0391069 -0.0547776
0.0547483 0.0391069 -0.0416448
0.0700241 0.0391069 -0.0285119
0.0852999 0.0391069 -0.0153791
0.100576 0.0391069 -0.0022462
0.115851 0.0391069 0.0108867
0.131127 0.0391069 0.0240195
0.146403 0.0391069 0.0371524
0.161679 0.0391069 0.0502852
0.176955 0.0391069 0.0634181
0.19223 0.0391069 0.0765509
0.207506 0.0391069 0.0896838
0.222782 0.0391069 0.102817
0.238058 0.0391069 0.115949
0.253334 0.0391069 0.129082
0.268609 0.0391069 0.142215
0.283885 0.0391069 0.155348
0.299161 0.0391069 0.168481
0.314437 0.0391069 0.181614
0.329713 0.0391069 0.194747
0.344988 0.0391069 0.207879
0.360264 0.0391069 0.221012
0.37554 0.0391069 0.234145
0.390816 0.0391069 0.247278
-0.357698 0.0550206 -0.421261
-0.342422 0.0550206 -0.408128
-0.327147 0.0550206 -0.394995
-0.311871 0.0550206 -0.381862
-0.296595 0.0550206 -0.368729
-0.281319 0.0550206 -0.355596
-0.266043 0.0550206 -0.342464
-0.250768 0.0550206 -0.329331
-0.235492 0.0550206 -0.316198
-0.220216 0.0550206 -0.303065
-0.20494 0.0550206 -0.289932
-0.189664 0.0550206 -0.276799
-0.174389 0.0550206 -0.263666
-0.159113 0.0550206 -0.250534
-0.143837 0.0550206 -0.237401
-0.128561 0.0550206 -0.224268
-0.113285 0.0550206 -0.211135
-0.0980097 0.0550206 -0.198002
-0.0827339 0.0550206 -0.184869
-0.0674581 0.0550206 -0.171737
-0.0521823 0.0550206 -0.158604
-0.0369065 0.0550206 -0.145471
-0.0216307 0.0550206 -0.132338
-0.0063549 0.0550206 -0.119205
0.00892089 0.0550206 -0.106072
0.0241967 0.0550206 -0.0929394
0.0394725 0.0550206 -0.0798065
0.0547483 0.0550206 -0.0666737
0.0700241 0.0550206 -0.0535408
0.0852999 0.0550206 -0.0404079
0.100576 0.0550206 -0.0272751
0.115851 0.0550206 -0.0141422
0.131127 0.0550206 -0.00100938
0.146403 0.0550206 0.0121235
0.161679 0.0550206 0.0252563
0.176955 0.0550206 0.0383892
0.19223 0.0550206 0.051522
0.207506 0.0550206 0.0646549
0.222782 0.0550206 0.0777877
0.238058 0.0550206 0.0909206
0.253334 0.0550206 0.104053
0.268609 0.0550206 0.117186
0.283885 0.0550206 0.130319
0.299161 0.0550206 0.143452
0.314437 0.0550206 0.156585
0.329713 0.0550206 0.169718
0.344988 0.0550206 0.182851
0.360264 0.0550206 0.195983
0.37554 0.0550206 0.209116
0.390816 0.0550206 0.222249
-0.327147 0.0709344 -0.420024
-0.311871 0.0709344 -0.406891
-0.296595 0.0709344 -0.393758
-0.281319 0.0709344 -0.380625
-0.266043 0.0709344 -0.367493
-0.250768 0.0709344 -0.35436
-0.235492 0.0709344 -0.341227
-0.220216 0.0709344 -0.328094
-0.20494 0.0709344 -0.314961
-0.189664 0.0709344 -0.301828
-0.174389 0.0709344 -0.288695
-0.159113 0.0709344 -0.275563
-0.143837 0.0709344 -0.26243
-0.128561 0.0709344 -0.249297
-0.113285 0.0709344 -0.236164
-0.0980097 0.0709344 -0.223031
-0.0827339 0.0709344 -0.209898
-0.0674581 0.0709344 -0.196765
-0.0521823 0.0709344 -0.183633
-0.0369065 0.0709344 -0.1705
-0.0216307 0.0709344 -0.157367
-0.0063549 0.0709344 -0.144234
0.00892089 0.0709344 -0.131101
0.0241967 0.0709344 -0.117968
0.0394725 0.0709344 -0.104835
0.0547483 0.0709344 -0.0917025
0.0700241 0.0709344 -0.0785697
0.0852999 0.0709344 -0.0654368
0.100576 0.0709344 -0.052304
0.115851 0.0709344 -0.0391711
0.131127 0.0709344 -0.0260383
0.146403 0.0709344 -0.0129054
0.161679 0.0709344 0.000227437
0.176955 0.0709344 0.0133603
0.19223 0.0709344 0.0264931
0.207506 0.0709344 0.039626
0.222782 0.0709344 0.0527589
0.238058 0.0709344 0.0658917
0.253334 0.0709344 0.0790246
0.268609 0.0709344 0.0921574
0.283885 0.0709344 0.10529
0.299161 0.0709344 0.118423
0.314437 0.0709344 0.131556
0.329713 0.0709344 0.144689
0.344988 0.0709344 0.157822
0.360264 0.0709344 0.170955
0.37554 0.0709344 0.184087
0.390816 0.0709344 0.19722
-0.296595 0.0868481 -0.418787
-0.281319 0.0868481 -0.405654
-0.266043 0.0868481 -0.392521
-0.250768 0.0868481 -0.379389
-0.235492 0.0868481 -0.366256
-0.220216 0.0868481 -0.353123
-0.20494 0.0868481 -0.33999
-0.189664 0.0868481 -0.326857
-0.174389 0.0868481 -0.313724
-0.159113 0.0868481 -0.300591
-0.143837 0.0868481 -0.287459
-0.128561 0.0868481 -0.274326
-0.113285 0.0868481 -0.261193
-0.0980097 0.0868481 -0.24806
-0.0827339 0.0868481 -0.234927
-0.0674581 0.0868481 -0.221794
-0.0521823 0.0868481 -0.208661
-0.0369065 0.0868481 -0.195529
-0.0216307 0.0868481 -0.182396
-0.0063549 0.0868481 -0.169263
0.00892089 0.0868481 -0.15613
0.0241967 0.0868481 -0.142997
0.0394725 0.0868481 -0.129864
0.0547483 0.0868481 -0.116731
0.0700241 0.0868481 -0.103599
0.0852999 0.0868481 -0.0904657
0.100576 0.0868481 -0.0773329
0.115851 0.0868481 -0.0642
0.131127 0.0868481 -0.0510672
0.146403 0.0868481 -0.0379343
0.161679 0.0868481 -0.0248015
0.176955 0.0868481 -0.0116686
0.19223 0.0868481 0.00146426
0.207506 0.0868481 0.0145971
0.222782 0.0868481 0.02773
0.238058 0.0868481 0.0408628
0.253334 0.0868481 0.0539957
0.268609 0.0868481 0.0671285
0.283885 0.0868481 0.0802614
0.299161 0.0868481 0.0933942
0.314437 0.0868481 0.106527
0.329713 0.0868481 0.11966
0.344988 0.0868481 0.132793
0.360264 0.0868481 0.145926
0.37554 0.0868481 0.159059
0.390816 0.0868481 0.172191
-0.281319 0.102762 -0.430683
-0.266043 0.102762 -0.41755
-0.250768 0.102762 -0.404417
-0.235492 0.102762 -0.391285
-0.220216 0.102762 -0.378152
-0.20494 0.102762 -0.365019
-0.189664 0.102762 -0.351886
-0.174389 0.102762 -0.338753
-0.159113 0.102762 -0.32562
-0.143837 0.102762 -0.312487
-0.128561 0.102762 -0.299355
-0.113285 0.102762 -0.286222
-0.0980097 0.102762 -0.273089
-0.0827339 0.102762 -0.259956
-0.0674581 0.102762 -0.246823
-0.0521823 0.102762 -0.23369
-0.0369065 0.102762 -0.220557
-0.0216307 0.102762 -0.207425
-0.0063549 0.102762 -0.194292
0.00892089 0.102762 -0.181159
0.0241967 0.102762 -0.168026
0.0394725 0.102762 -0.154893
0.0547483 0.102762 -0.14176
0.0700241 0.102762 -0.128627
0.0852999 0.102762 -0.115495
0.100576 0.102762 -0.102362
0.115851 0.102762 -0.0892289
0.131127 0.102762 -0.0760961
0.146403 0.102762 -0.0629632
0.161679 0.102762 -0.0498303
0.176955 0.102762 -0.0366975
0.19223 0.102762 -0.0235646
0.207506 0.102762 -0.0104318
0.222782 0.102762 0.00270108
0.238058 0.102762 0.0158339
0.253334 0.102762 0.0289668
0.268609 0.102762 0.0420996
0.283885 0.102762 0.0552325
0.299161 0.102762 0.0683654
0.314437 0.102762 0.0814982
0.329713 0.102762 0.0946311
0.344988 0.102762 0.107764
0.360264 0.102762 0.120897
0.37554 0.102762 0.13403
0.390816 0.102762 0.147162
-0.250768 0.118676 -0.429446
-0.235492 0.118676 -0.416313
-0.220216 0.118676 -0.403181
-0.20494 0.118676 -0.390048
-0.189664 0.118676 -0.376915
-0.174389 0.118676 -0.363782
-0.159113 0.118676 -0.350649
-0.143837 0.118676 -0.337516
-0.128561 0.118676 -0.324383
-0.113285 0.118676 -0.311251
-0.0980097 0.118676 -0.298118
-0.0827339 0.118676 -0.284985
-0.0674581 0.118676 -0.271852
-0.0521823 0.118676 -0.258719
-0.0369065 0.118676 -0.245586
-0.0216307 0.118676 -0.232453
-0.0063549 0.118676 -0.219321
0.00892089 0.118676 -0.206188
0.0241967 0.118676 -0.193055
0.0394725 0.118676 -0.179922
0.0547483 0.118676 -0.166789
0.0700241 0.118676 -0.153656
0.0852999 0.118676 -0.140524
0.100576 0.118676 -0.127391
0.115851 0.118676 -0.114258
0.131127 0.118676 -0.101125
0.146403 0.118676 -0.0879921
0.161679 0.118676 -0.0748592
0.176955 0.118676 -0.0617264
0.19223 0.118676 -0.0485935
0.207506 0.118676 -0.0354607
0.222782 0.118676 -0.0223278
0.238058 0.118676 -0.00919496
0.253334 0.118676 0.0039379
0.268609 0.118676 0.0170708
0.283885 0.118676 0.0302036
0.299161 0.118676 0.0433365
0.314437 0.118676 0.0564693
0.329713 0.118676 0.0696022
0.344988 0.118676 0.082735
0.360264 0.118676 0.0958679
0.37554 0.118676 0.109001
0.390816 0.118676 0.122134
-0.220216 0.134589 -0.42821
-0.20494 0.134589 -0.415077
-0.189664 0.134589 -0.401944
-0.174389 0.134589 -0.388811
-0.159113 0.134589 -0.375678
-0.143837 0.134589 -0.362545
-0.128561 0.134589 -0.349412
-0.113285 0.134589 -0.33628
-0.0980097 0.134589 -0.323147
-0.0827339 0.134589 -0.310014
-0.0674581 0.134589 -0.296881
-0.0521823 0.134589 -0.283748
-0.0369065 0.134589 -0.270615
-0.0216307 0.134589 -0.257482
-0.0063549 0.134589 -0.24435
0.00892089 0.134589 -0.231217
0.0241967 0.134589 -0.218084
0.0394725 0.134589 -0.204951
0.0547483 0.134589 -0.191818
0.0700241 0.134589 -0.178685
0.0852999 0.134589 -0.165552
0.100576 0.134589 -0.15242
0.115851 0.134589 -0.139287
0.131127 0.134589 -0.126154
0.146403 0.134589 -0.113021
0.161679 0.134589 -0.0998881
0.176955 0.134589 -0.0867553
0.19223 0.134589 -0.0736224
0.207506 0.134589 -0.0604896
0.222782 0.134589 -0.0473567
0.238058 0.134589 -0.0342238
0.253334 0.134589 -0.021091
0.268609 0.134589 -0.00795814
0.283885 0.134589 0.00517472
0.299161 0.134589 0.0183076
0.314437 0.134589 0.0314404
0.329713 0.134589 0.0445733
0.344988 0.134589 0.0577061
0.360264 0.134589 0.070839
0.37554 0.134589 0.0839719
0.390816 0.134589 0.0971047
-0.189664 0.150503 -0.426973
-0.174389 0.150503 -0.41384
-0.159113 0.150503 -0.400707
-0.143837 0.150503 -0.387574
-0.128561 0.150503 -0.374441
-0.113285 0.150503 -0.361308
-0.0980097 0.150503 -0.348176
-0.0827339 0.150503 -0.335043
-0.0674581 0.150503 -0.32191
-0.0521823 0.150503 -0.308777
-0.0369065 0.150503 -0.295644
-0.0216307 0.150503 -0.282511
-0.0063549 0.150503 -0.269378
0.00892089 0.150503 -0.256246
0.0241967 0.150503 -0.243113
0.0394725 0.150503 -0.22998
0.0547483 0.150503 -0.216847
0.0700241 0.150503 -0.203714
0.0852999 0.150503 -0.190581
0.100576 0.150503 -0.177448
0.115851 0.150503 -0.164316
0.131127 0.150503 -0.151183
0.146403 0.150503 -0.13805
0.161679 0.150503 -0.124917
0.176955 0.150503 -0.111784
0.19223 0.150503 -0.0986513
0.207506 0.150503 -0.0855184
0.222782 0.150503 -0.0723856
0.238058 0.150503 -0.0592527
0.253334 0.150503 -0.0461199
0.268609 0.150503 -0.032987
0.283885 0.150503 -0.0198542
0.299161 0.150503 -0.00672132
0.314437 0.150503 0.00641154
0.329713 0.150503 0.0195444
0.344988 0.150503 0.0326773
0.360264 0.150503 0.0458101
0.37554 0.150503 0.058943
0.390816 0.150503 0.0720758
-0.159113 0.166417 -0.425736
-0.143837 0.166417 -0.412603
-0.128561 0.166417 -0.39947
-0.113285 0.166417 -0.386337
-0.0980097 0.166417 -0.373204
-0.0827339 0.166417 -0.360072
-0.0674581 0.166417 -0.346939
-0.0521823 0.166417 -0.333806
-0.0369065 0.166417 -0.320673
-0.0216307 0.166417 -0.30754
-0.0063549 0.166417 -0.294407
0.00892089 0.166417 -0.281274
0.0241967 0.166417 -0.268142
0.0394725 0.166417 -0.255009
0.0547483 0.166417 -0.241876
0.0700241 0.166417 -0.228743
0.0852999 0.166417 -0.21561
0.100576 0.166417 -0.202477
0.115851 0.166417 -0.189344
0.131127 0.166417 -0.176212
0.146403 0.166417 -0.163079
0.161679 0.166417 -0.149946
0.176955 0.166417 -0.136813
0.19223 0.166417 -0.12368
0.207506 0.166417 -0.110547
0.222782 0.166417 -0.0974145
0.238058 0.166417 -0.0842816
0.253334 0.166417 -0.0711488
0.268609 0.166417 -0.0580159
0.283885 0.166417 -0.0448831
0.299161 0.166417 -0.0317502
0.314437 0.166417 -0.0186173
0.329713 0.166417 -0.00548449
0.344988 0.166417 0.00764836
0.360264 0.166417 0.0207812
0.37554 0.166417 0.0339141
0.390816 0.166417 0.0470469
-0.128561 0.18233 -0.424499
-0.113285 0.18233 -0.411366
-0.0980097 0.18233 -0.398233
-0.0827339 0.18233 -0.3851
-0.0674581 0.18233 -0.371968
-0.0521823 0.18233 -0.358835
-0.0369065 0.18233 -0.345702
-0.0216307 0.18233 -0.332569
-0.0063549 0.18233 -0.319436
0.00892089 0.18233 -0.306303
0.0241967 0.18233 -0.29317
0.0394725 0.18233 -0.280038
0.0547483 0.18233 -0.266905
0.0700241 0.18233 -0.253772
0.0852999 0.18233 -0.240639
0.100576 0.18233 -0.227506
0.115851 0.18233 -0.214373
0.131127 0.18233 -0.201241
0.146403 0.18233 -0.188108
0.161679 0.18233 -0.174975
0.176955 0.18233 -0.161842
0.19223 0.18233 -0.148709
0.207506 0.18233 -0.135576
0.222782 0.18233 -0.122443
0.238058 0.18233 -0.109311
0.253334 0.18233 -0.0961777
0.268609 0.18233 -0.0830448
0.283885 0.18233 -0.069912
0.299161 0.18233 -0.0567791
0.314437 0.18233 -0.0436462
0.329713 0.18233 -0.0305134
0.344988 0.18233 -0.0173805
0.360264 0.18233 -0.00424767
0.37554 0.18233 0.00888518
0.390816 0.18233 0.022018
-0.0980097 0.198244 -0.423262
-0.0827339 0.198244 -0.410129
-0.0674581 0.198244 -0.396997
-0.0521823 0.198244 -0.383864
-0.0369065 0.198244 -0.370731
-0.0216307 0.198244 -0.357598
-0.0063549 0.198244 -0.344465
0.00892089 0.198244 -0.331332
0.0241967 0.198244 -0.318199
0.0394725 0.198244 -0.305067
0.0547483 0.198244 -0.291934
0.0700241 0.198244 -0.278801
0.0852999 0.198244 -0.265668
0.100576 0.198244 -0.252535
0.115851 0.198244 -0.239402
0.131127 0.198244 -0.226269
0.146403 0.198244 -0.213137
0.161679 0.198244 -0.200004
0.176955 0.198244 -0.186871
0.19223 0.198244 -0.173738
0.207506 0.198244 -0.160605
0.222782 0.198244 -0.147472
0.238058 0.198244 -0.134339
0.253334 0.198244 -0.121207
0.268609 0.198244 -0.108074
0.283885 0.198244 -0.0949408
0.299161 0.198244 -0.081808
0.314437 0.198244 -0.0686751
0.329713 0.198244 -0.0555423
0.344988 0.198244 -0.0424094
0.360264 0.198244 -0.0292766
0.37554 0.198244 -0.0161437
0.390816 0.198244 -0.00301085
-0.0674581 0.214158 -0.422025
-0.0521823 0.214158 -0.408893
-0.0369065 0.214158 -0.39576
-0.0216307 0.214158 -0.382627
-0.0063549 0.214158 -0.369494
0.00892089 0.214158 -0.356361
0.0241967 0.214158 -0.343228
0.0394725 0.214158 -0.330095
0.0547483 0.214158 -0.316963
0.0700241 0.214158 -0.30383
0.0852999 0.214158 -0.290697
0.100576 0.214158 -0.277564
0.115851 0.214158 -0.264431
0.131127 0.214158 -0.251298
0.146403 0.214158 -0.238165
0.161679 0.214158 -0.225033
0.176955 0.214158 -0.2119
0.19223 0.214158 -0.198767
0.207506 0.214158 -0.185634
0.222782 0.214158 -0.172501
0.238058 0.214158 -0.159368
0.253334 0.214158 -0.146235
0.268609 0.214158 -0.133103
0.283885 0.214158 -0.11997
0.299161 0.214158 -0.106837
0.314437 0.214158 -0.093704
0.329713 0.214158 -0.0805712
0.344988 0.214158 -0.0674383
0.360264 0.214158 -0.0543055
0.37554 0.214158 -0.0411726
0.390816 0.214158 -0.0280397
-0.0369065 0.230072 -0.420789
-0.0216307 0.230072 -0.407656
-0.0063549 0.230072 -0.394523
0.00892089 0.230072 -0.38139
0.0241967 0.230072 -0.368257
0.0394725 0.230072 -0.355124
0.0547483 0.230072 -0.341991
0.0700241 0.230072 -0.328859
0.0852999 0.230072 -0.315726
0.100576 0.230072 -0.302593
0.115851 0.230072 -0.28946
0.131127 0.230072 -0.276327
0.146403 0.230072 -0.263194
0.161679 0.230072 -0.250061
0.176955 0.230072 -0.236929
0.19223 0.230072 -0.223796
0.207506 0.230072 -0.210663
0.222782 0.230072 -0.19753
0.238058 0.230072 -0.184397
0.253334 0.230072 -0.171264
0.268609 0.230072 -0.158131
0.283885 0.230072 -0.144999
0.299161 0.230072 -0.131866
0.314437 0.230072 -0.118733
0.329713 0.230072 -0.1056
0.344988 0.230072 -0.0924672
0.360264 0.230072 -0.0793343
0.37554 0.230072 -0.0662015
0.390816 0.230072 -0.0530686
-0.0063549 0.245985 -0.419552
0.00892089 0.245985 -0.406419
0.0241967 0.245985 -0.393286
0.0394725 0.245985 -0.380153
0.0547483 0.245985 -0.36702
0.0700241 0.245985 -0.353887
0.0852999 0.245985 -0.340755
0.100576 0.245985 -0.327622
0.115851 0.245985 -0.314489
0.131127 0.245985 -0.301356
0.146403 0.245985 -0.288223
0.161679 0.245985 -0.27509
0.176955 0.245985 -0.261957
0.19223 0.245985 -0.248825
0.207506 0.245985 -0.235692
0.222782 0.245985 -0.222559
0.238058 0.245985 -0.209426
0.253334 0.245985 -0.196293
0.268609 0.245985 -0.18316
0.283885 0.245985 -0.170028
0.299161 0.245985 -0.156895
0.314437 0.245985 -0.143762
0.329713 0.245985 -0.130629
0.344988 0.245985 -0.117496
0.360264 0.245985 -0.104363
0.37554 0.245985 -0.0912304
0.390816 0.245985 -0.0780975
0.00892089 0.261899 -0.431448
0.0241967 0.261899 -0.418315
0.0394725 0.261899 -0.405182
0.0547483 0.261899 -0.392049
0.0700241 0.261899 -0.378916
0.0852999 0.261899 -0.365784
0.100576 0.261899 -0.352651
0.115851 0.261899 -0.339518
0.131127 0.261899 -0.326385
0.146403 0.261899 -0.313252
0.161679 0.261899 -0.300119
0.176955 0.261899 -0.286986
0.19223 0.261899 -0.273854
0.207506 0.261899 -0.260721
0.222782 0.261899 -0.247588
0.238058 0.261899 -0.234455
0.253334 0.261899 -0.221322
0.268609 0.261899 -0.208189
0.283885 0.261899 -0.195056
0.299161 0.261899 -0.181924
0.314437 0.261899 -0.168791
0.329713 0.261899 -0.155658
0.344988 0.261899 -0.142525
0.360264 0.261899 -0.129392
0.37554 0.261899 -0.116259
0.390816 0.261899 -0.103126
0.0394725 0.277813 -0.430211
0.0547483 0.277813 -0.417078
0.0700241 0.277813 -0.403945
0.0852999 0.277813 -0.390812
0.100576 0.277813 -0.37768
0.115851 0.277813 -0.364547
0.131127 0.277813 -0.351414
0.146403 0.277813 -0.338281
0.161679 0.277813 -0.325148
0.176955 0.277813 -0.312015
0.19223 0.277813 -0.298882
0.207506 0.277813 -0.28575
0.222782 0.277813 -0.272617
0.238058 0.277813 -0.259484
0.253334 0.277813 -0.246351
0.268609 0.277813 -0.233218
0.283885 0.277813 -0.220085
0.299161 0.277813 -0.206952
0.314437 0.277813 -0.19382
0.329713 0.277813 -0.180687
0.344988 0.277813 -0.167554
0.360264 0.277813 -0.154421
0.37554 0.277813 -0.141288
0.390816 0.277813 -0.128155
0.0700241 0.293726 -0.428974
0.0852999 0.293726 -0.415841
0.100576 0.293726 -0.402708
0.115851 0.293726 -0.389576
0.131127 0.293726 -0.376443
0.146403 0.293726 -0.36331
0.161679 0.293726 -0.350177
0.176955 0.293726 -0.337044
0.19223 0.293726 -0.323911
0.207506 0.293726 -0.310778
0.222782 0.293726 -0.297646
0.238058 0.293726 -0.284513
0.253334 0.293726 -0.27138
0.268609 0.293726 -0.258247
0.283885 0.293726 -0.245114
0.299161 0.293726 -0.231981
0.314437 0.293726 -0.218848
0.329713 0.293726 -0.205716
0.344988 0.293726 -0.192583
0.360264 0.293726 -0.17945
0.37554 0.293726 -0.166317
0.390816 0.293726 -0.153184
0.100576 0.30964 -0.427737
0.115851 0.30964 -0.414604
0.131127 0.30964 -0.401472
0.146403 0.30964 -0.388339
0.161679 0.30964 -0.375206
0.176955 0.30964 -0.362073
0.19223 0.30964 -0.34894
0.207506 0.30964 -0.335807
0.222782 0.30964 -0.322674
0.238058 0.30964 -0.309542
0.253334 0.30964 -0.296409
0.268609 0.30964 -0.283276
0.283885 0.30964 -0.270143
0.299161 0.30964 -0.25701
0.314437 0.30964 -0.243877
0.329713 0.30964 -0.230745
0.344988 0.30964 -0.217612
0.360264 0.30964 -0.204479
0.37554 0.30964 -0.191346
0.390816 0.30964 -0.178213
0.131127 0.325554 -0.426501
0.146403 0.325554 -0.413368
0.161679 0.325554 -0.400235
0.176955 0.325554 -0.387102
0.19223 0.325554 -0.373969
0.207506 0.325554 -0.360836
0.222782 0.325554 -0.347703
0.238058 0.325554 -0.334571
0.253334 0.325554 -0.321438
0.268609 0.325554 -0.308305
0.283885 0.325554 -0.295172
0.299161 0.325554 -0.282039
0.314437 0.325554 -0.268906
0.329713 0.325554 -0.255773
0.344988 0.325554 -0.242641
0.360264 0.325554 -0.229508
0.37554 0.325554 -0.216375
0.390816 0.325554 -0.203242
0.161679 0.341468 -0.425264
0.176955 0.341468 -0.412131
0.19223 0.341468 -0.398998
0.207506 0.341468 -0.385865
0.222782 0.341468 -0.372732
0.238058 0.341468 -0.359599
0.253334 0.341468 -0.346467
0.268609 0.341468 -0.333334
0.283885 0.341468 -0.320201
0.299161 0.341468 -0.307068
0.314437 0.341468 -0.293935
0.329713 0.341468 -0.280802
0.344988 0.341468 -0.267669
0.360264 0.341468 -0.254537
0.37554 0.341468 -0.241404
0.390816 0.341468 -0.228271
0.19223 0.357381 -0.424027
0.207506 0.357381 -0.410894
0.222782 0.357381 -0.397761
0.238058 0.357381 -0.384628
0.253334 0.357381 -0.371495
0.268609 0.357381 -0.358363
0.283885 0.357381 -0.34523
0.299161 0.357381 -0.332097
0.314437 0.357381 -0.318964
0.329713 0.357381 -0.305831
0.344988 0.357381 -0.292698
0.360264 0.357381 -0.279565
0.37554 0.357381 -0.266433
0.390816 0.357381 -0.2533
0.222782 0.373295 -0.42279
0.238058 0.373295 -0.409657
0.253334 0.373295 -0.396524
0.268609 0.373295 -0.383391
0.283885 0.373295 -0.370259
0.299161 0.373295 -0.357126
0.314437 0.373295 -0.343993
0.329713 0.373295 -0.33086
0.344988 0.373295 -0.317727
0.360264 0.373295 -0.304594
0.37554 0.373295 -0.291461
0.390816 0.373295 -0.278329
0.253334 0.389209 -0.421553
0.268609 0.389209 -0.40842
0.283885 0.389209 -0.395288
0.299161 0.389209 -0.382155
0.314437 0.389209 -0.369022
0.329713 0.389209 -0.355889
0.344988 0.389209 -0.342756
0.360264 0.389209 -0.329623
0.37554 0.389209 -0.31649
0.390816 0.389209 -0.303358
0.283885 0.405122 -0.420316
0.299161 0.405122 -0.407184
0.314437 0.405122 -0.394051
0.329713 0.405122 -0.380918
0.344988 0.405122 -0.367785
0.360264 0.405122 -0.354652
0.37554 0.405122 -0.341519
0.390816 0.405122 -0.328386
