-0.357698 -0.37465 0.26617
-0.357698 -0.358736 0.241029
-0.357698 -0.342822 0.215889
-0.357698 -0.326909 0.190748
-0.357698 -0.310995 0.165607
-0.357698 -0.295081 0.140467
-0.357698 -0.279167 0.115326
-0.357698 -0.263254 0.0901857
-0.357698 -0.24734 0.0650452
-0.357698 -0.231426 0.0399046
-0.357698 -0.215513 0.0147641
-0.357698 -0.199599 -0.0103765
-0.357698 -0.183685 -0.035517
-0.357698 -0.167771 -0.0606576
-0.357698 -0.151858 -0.0857982
-0.357698 -0.135944 -0.110939
-0.357698 -0.12003 -0.136079
-0.357698 -0.104117 -0.16122
-0.357698 -0.0882028 -0.18636
-0.357698 -0.0722891 -0.211501
-0.357698 -0.0563754 -0.236641
-0.357698 -0.0404617 -0.261782
-0.357698 -0.0245479 -0.286923
-0.357698 -0.00863422 -0.312063
-0.357698 0.00727949 -0.337204
-0.357698 0.0231932 -0.362344
-0.357698 0.0391069 -0.387485
-0.357698 0.0550206 -0.412625
-0.342422 -0.37465 0.278822
-0.342422 -0.358736 0.253682
-0.342422 -0.342822 0.228541
-0.342422 -0.326909 0.203401
-0.342422 -0.310995 0.17826
-0.342422 -0.295081 0.15312
-0.342422 -0.279167 0.127979
-0.342422 -0.263254 0.102839
-0.342422 -0.24734 0.0776981
-0.342422 -0.231426 0.0525575
-0.342422 -0.215513 0.0274169
-0.342422 -0.199599 0.00227639
-0.342422 -0.183685 -0.0228642
-0.342422 -0.167771 -0.0480047
-0.342422 -0.151858 -0.0731453
-0.342422 -0.135944 -0.0982858
-0.342422 -0.12003 -0.123426
-0.342422 -0.104117 -0.148567
-0.342422 -0.0882028 -0.173707
-0.342422 -0.0722891 -0.198848
-0.342422 -0.0563754 -0.223989
-0.342422 -0.0404617 -0.249129
-0.342422 -0.0245479 -0.27427
-0.342422 -0.00863422 -0.29941
-0.342422 0.00727949 -0.324551
-0.342422 0.0231932 -0.349691
-0.342422 0.0391069 -0.374832
-0.342422 0.0550206 -0.399972
-0.342422 0.0709344 -0.425113
-0.327147 -0.37465 0.291475
-0.327147 -0.358736 0.266335
-0.327147 -0.342822 0.241194
-0.327147 -0.326909 0.216054
-0.327147 -0.310995 0.190913
-0.327147 -0.295081 0.165773
-0.327147 -0.279167 0.140632
-0.327147 -0.263254 0.115491
-0.327147 -0.24734 0.0903509
-0.327147 -0.231426 0.0652104
-0.327147 -0.215513 0.0400698
-0.327147 -0.199599 0.0149293
-0.327147 -0.183685 -0.0102113
-0.327147 -0.167771 -0.0353518
-0.327147 -0.151858 -0.0604924
-0.327147 -0.135944 -0.0856329
-0.327147 -0.12003 -0.110773
-0.327147 -0.104117 -0.135914
-0.327147 -0.0882028 -0.161055
-0.327147 -0.0722891 -0.186195
-0.327147 -0.0563754 -0.211336
-0.327147 -0.0404617 -0.236476
-0.327147 -0.0245479 -0.261617
-0.327147 -0.00863422 -0.286757
-0.327147 0.00727949 -0.311898
-0.327147 0.0231932 -0.337038
-0.327147 0.0391069 -0.362179
-0.327147 0.0550206 -0.38732
-0.327147 0.0709344 -0.41246
-0.311871 -0.37465 0.304128
-0.311871 -0.358736 0.278988
-0.311871 -0.342822 0.253847
-0.311871 -0.326909 0.228707
-0.311871 -0.310995 0.203566
-0.311871 -0.295081 0.178425
-0.311871 -0.279167 0.153285
-0.311871 -0.263254 0.128144
-0.311871 -0.24734 0.103004
-0.311871 -0.231426 0.0778633
-0.311871 -0.215513 0.0527227
-0.311871 -0.199599 0.0275822
-0.311871 -0.183685 0.00244161
-0.311871 -0.167771 -0.0226989
-0.311871 -0.151858 -0.0478395
-0.311871 -0.135944 -0.0729801
-0.311871 -0.12003 -0.0981206
-0.311871 -0.104117 -0.123261
-0.311871 -0.0882028 -0.148402
-0.311871 -0.0722891 -0.173542
-0.311871 -0.0563754 -0.198683
-0.311871 -0.0404617 -0.223823
-0.311871 -0.0245479 -0.248964
-0.311871 -0.00863422 -0.274104
-0.311871 0.00727949 -0.299245
-0.311871 0.0231932 -0.324386
-0.311871 0.0391069 -0.349526
-0.311871 0.0550206 -0.374667
-0.311871 0.0709344 -0.399807
-0.311871 0.0868481 -0.424948
-0.296595 -0.37465 0.316781
-0.296595 -0.358736 0.291641
-0.296595 -0.342822 0.2665
-0.296595 -0.326909 0.241359
-0.296595 -0.310995 0.216219
-0.296595 -0.295081 0.191078
-0.296595 -0.279167 0.165938
-0.296595 -0.263254 0.140797
-0.296595 -0.24734 0.115657
-0.296595 -0.231426 0.0905162
-0.296595 -0.215513 0.0653756
-0.296595 -0.199599 0.040235
-0.296595 -0.183685 0.0150945
-0.296595 -0.167771 -0.0100461
-0.296595 -0.151858 -0.0351866
-0.296595 -0.135944 -0.0603272
-0.296595 -0.12003 -0.0854677
-0.296595 -0.104117 -0.110608
-0.296595 -0.0882028 -0.135749
-0.296595 -0.0722891 -0.160889
-0.296595 -0.0563754 -0.18603
-0.296595 -0.0404617 -0.211171
-0.296595 -0.0245479 -0.236311
-0.296595 -0.00863422 -0.261452
-0.296595 0.00727949 -0.286592
-0.296595 0.0231932 -0.311733
-0.296595 0.0391069 -0.336873
-0.296595 0.0550206 -0.362014
-0.296595 0.0709344 -0.387154
-0.296595 0.0868481 -0.412295
-0.281319 -0.37465 0.329434
-0.281319 -0.358736 0.304293
-0.281319 -0.342822 0.279153
-0.281319 -0.326909 0.254012
-0.281319 -0.310995 0.228872
-0.281319 -0.295081 0.203731
-0.281319 -0.279167 0.178591
-0.281319 -0.263254 0.15345
-0.281319 -0.24734 0.12831
-0.281319 -0.231426 0.103169
-0.281319 -0.215513 0.0780285
-0.281319 -0.199599 0.0528879
-0.281319 -0.183685 0.0277474
-0.281319 -0.167771 0.00260682
-0.281319 -0.151858 -0.0225337
-0.281319 -0.135944 -0.0476743
-0.281319 -0.12003 -0.0728148
-0.281319 -0.104117 -0.0979554
-0.281319 -0.0882028 -0.123096
-0.281319 -0.0722891 -0.148237
-0.281319 -0.0563754 -0.173377
-0.281319 -0.0404617 -0.198518
-0.281319 -0.0245479 -0.223658
-0.281319 -0.00863422 -0.248799
-0.281319 0.00727949 -0.273939
-0.281319 0.0231932 -0.29908
-0.281319 0.0391069 -0.32422
-0.281319 0.0550206 -0.349361
-0.281319 0.0709344 -0.374502
-0.281319 0.0868481 -0.399642
-0.281319 0.102762 -0.424783
-0.266043 -0.37465 0.342087
-0.266043 -0.358736 0.316946
-0.266043 -0.342822 0.291806
-0.266043 -0.326909 0.266665
-0.266043 -0.310995 0.241525
-0.266043 -0.295081 0.216384
-0.266043 -0.279167 0.191244
-0.266043 -0.263254 0.166103
-0.266043 -0.24734 0.140962
-0.266043 -0.231426 0.115822
-0.266043 -0.215513 0.0906814
-0.266043 -0.199599 0.0655408
-0.266043 -0.183685 0.0404003
-0.266043 -0.167771 0.0152597
-0.266043 -0.151858 -0.00988084
-0.266043 -0.135944 -0.0350214
-0.266043 -0.12003 -0.060162
-0.266043 -0.104117 -0.0853025
-0.266043 -0.0882028 -0.110443
-0.266043 -0.0722891 -0.135584
-0.266043 -0.0563754 -0.160724
-0.266043 -0.0404617 -0.185865
-0.266043 -0.0245479 -0.211005
-0.266043 -0.00863422 -0.236146
-0.266043 0.00727949 -0.261286
-0.266043 0.0231932 -0.286427
-0.266043 0.0391069 -0.311568
-0.266043 0.0550206 -0.336708
-0.266043 0.0709344 -0.361849
-0.266043 0.0868481 -0.386989
-0.266043 0.102762 -0.41213
-0.250768 -0.37465 0.35474
-0.250768 -0.358736 0.329599
-0.250768 -0.342822 0.304459
-0.250768 -0.326909 0.279318
-0.250768 -0.310995 0.254178
-0.250768 -0.295081 0.229037
-0.250768 -0.279167 0.203896
-0.250768 -0.263254 0.178756
-0.250768 -0.24734 0.153615
-0.250768 -0.231426 0.128475
-0.250768 -0.215513 0.103334
-0.250768 -0.199599 0.0781937
-0.250768 -0.183685 0.0530532
-0.250768 -0.167771 0.0279126
-0.250768 -0.151858 0.00277204
-0.250768 -0.135944 -0.0223685
-0.250768 -0.12003 -0.0475091
-0.250768 -0.104117 -0.0726496
-0.250768 -0.0882028 -0.0977902
-0.250768 -0.0722891 -0.122931
-0.250768 -0.0563754 -0.148071
-0.250768 -0.0404617 -0.173212
-0.250768 -0.0245479 -0.198352
-0.250768 -0.00863422 -0.223493
-0.250768 0.00727949 -0.248634
-0.250768 0.0231932 -0.273774
-0.250768 0.0391069 -0.298915
-0.250768 0.0550206 -0.324055
-0.250768 0.0709344 -0.349196
-0.250768 0.0868481 -0.374336
-0.250768 0.102762 -0.399477
-0.250768 0.118676 -0.424617
-0.235492 -0.37465 0.367393
-0.235492 -0.358736 0.342252
-0.235492 -0.342822 0.317112
-0.235492 -0.326909 0.291971
-0.235492 -0.310995 0.26683
-0.235492 -0.295081 0.24169
-0.235492 -0.279167 0.216549
-0.235492 -0.263254 0.191409
-0.235492 -0.24734 0.166268
-0.235492 -0.231426 0.141128
-0.235492 -0.215513 0.115987
-0.235492 -0.199599 0.0908466
-0.235492 -0.183685 0.065706
-0.235492 -0.167771 0.0405655
-0.235492 -0.151858 0.0154249
-0.235492 -0.135944 -0.00971563
-0.235492 -0.12003 -0.0348562
-0.235492 -0.104117 -0.0599967
-0.235492 -0.0882028 -0.0851373
-0.235492 -0.0722891 -0.110278
-0.235492 -0.0563754 -0.135418
-0.235492 -0.0404617 -0.160559
-0.235492 -0.0245479 -0.1857
-0.235492 -0.00863422 -0.21084
-0.235492 0.00727949 -0.235981
-0.235492 0.0231932 -0.261121
-0.235492 0.0391069 -0.286262
-0.235492 0.0550206 -0.311402
-0.235492 0.0709344 -0.336543
-0.235492 0.0868481 -0.361683
-0.235492 0.102762 -0.386824
-0.235492 0.118676 -0.411965
-0.220216 -0.37465 0.380046
-0.220216 -0.358736 0.354905
-0.220216 -0.342822 0.329764
-0.220216 -0.326909 0.304624
-0.220216 -0.310995 0.279483
-0.220216 -0.295081 0.254343
-0.220216 -0.279167 0.229202
-0.220216 -0.263254 0.204062
-0.220216 -0.24734 0.178921
-0.220216 -0.231426 0.153781
-0.220216 -0.215513 0.12864
-0.220216 -0.199599 0.103499
-0.220216 -0.183685 0.0783589
-0.220216 -0.167771 0.0532184
-0.220216 -0.151858 0.0280778
-0.220216 -0.135944 0.00293726
-0.220216 -0.12003 -0.0222033
-0.220216 -0.104117 -0.0473439
-0.220216 -0.0882028 -0.0724844
-0.220216 -0.0722891 -0.097625
-0.220216 -0.0563754 -0.122766
-0.220216 -0.0404617 -0.147906
-0.220216 -0.0245479 -0.173047
-0.220216 -0.00863422 -0.198187
-0.220216 0.00727949 -0.223328
-0.220216 0.0231932 -0.248468
-0.220216 0.0391069 -0.273609
-0.220216 0.0550206 -0.298749
-0.220216 0.0709344 -0.32389
-0.220216 0.0868481 -0.349031
-0.220216 0.102762 -0.374171
-0.220216 0.118676 -0.399312
-0.220216 0.134589 -0.424452
-0.20494 -0.37465 0.392698
-0.20494 -0.358736 0.367558
-0.20494 -0.342822 0.342417
-0.20494 -0.326909 0.317277
-0.20494 -0.310995 0.292136
-0.20494 -0.295081 0.266996
-0.20494 -0.279167 0.241855
-0.20494 -0.263254 0.216715
-0.20494 -0.24734 0.191574
-0.20494 -0.231426 0.166433
-0.20494 -0.215513 0.141293
-0.20494 -0.199599 0.116152
-0.20494 -0.183685 0.0910118
-0.20494 -0.167771 0.0658713
-0.20494 -0.151858 0.0407307
-0.20494 -0.135944 0.0155901
-0.20494 -0.12003 -0.00955041
-0.20494 -0.104117 -0.034691
-0.20494 -0.0882028 -0.0598315
-0.20494 -0.0722891 -0.0849721
-0.20494 -0.0563754 -0.110113
-0.20494 -0.0404617 -0.135253
-0.20494 -0.0245479 -0.160394
-0.20494 -0.00863422 -0.185534
-0.20494 0.00727949 -0.210675
-0.20494 0.0231932 -0.235815
-0.20494 0.0391069 -0.260956
-0.20494 0.0550206 -0.286097
-0.20494 0.0709344 -0.311237
-0.20494 0.0868481 -0.336378
-0.20494 0.102762 -0.361518
-0.20494 0.118676 -0.386659
-0.20494 0.134589 -0.411799
-0.189664 -0.37465 0.405351
-0.189664 -0.358736 0.380211
-0.189664 -0.342822 0.35507
-0.189664 -0.326909 0.32993
-0.189664 -0.310995 0.304789
-0.189664 -0.295081 0.279649
-0.189664 -0.279167 0.254508
-0.189664 -0.263254 0.229367
-0.189664 -0.24734 0.204227
-0.189664 -0.231426 0.179086
-0.189664 -0.215513 0.153946
-0.189664 -0.199599 0.128805
-0.189664 -0.183685 0.103665
-0.189664 -0.167771 0.0785241
-0.189664 -0.151858 0.0533836
-0.189664 -0.135944 0.028243
-0.189664 -0.12003 0.00310247
-0.189664 -0.104117 -0.0220381
-0.189664 -0.0882028 -0.0471786
-0.189664 -0.0722891 -0.0723192
-0.189664 -0.0563754 -0.0974597
-0.189664 -0.0404617 -0.1226
-0.189664 -0.0245479 -0.147741
-0.189664 -0.00863422 -0.172881
-0.189664 0.00727949 -0.198022
-0.189664 0.0231932 -0.223163
-0.189664 0.0391069 -0.248303
-0.189664 0.0550206 -0.273444
-0.189664 0.0709344 -0.298584
-0.189664 0.0868481 -0.323725
-0.189664 0.102762 -0.348865
-0.189664 0.118676 -0.374006
-0.189664 0.134589 -0.399146
-0.189664 0.150503 -0.424287
-0.174389 -0.37465 0.418004
-0.174389 -0.358736 0.392864
-0.174389 -0.342822 0.367723
-0.174389 -0.326909 0.342583
-0.174389 -0.310995 0.317442
-0.174389 -0.295081 0.292301
-0.174389 -0.279167 0.267161
-0.174389 -0.263254 0.24202
-0.174389 -0.24734 0.21688
-0.174389 -0.231426 0.191739
-0.174389 -0.215513 0.166599
-0.174389 -0.199599 0.141458
-0.174389 -0.183685 0.116318
-0.174389 -0.167771 0.091177
-0.174389 -0.151858 0.0660365
-0.174389 -0.135944 0.0408959
-0.174389 -0.12003 0.0157554
-0.174389 -0.104117 -0.00938519
-0.174389 -0.0882028 -0.0345257
-0.174389 -0.0722891 -0.0596663
-0.174389 -0.0563754 -0.0848069
-0.174389 -0.0404617 -0.109947
-0.174389 -0.0245479 -0.135088
-0.174389 -0.00863422 -0.160229
-0.174389 0.00727949 -0.185369
-0.174389 0.0231932 -0.21051
-0.174389 0.0391069 -0.23565
-0.174389 0.0550206 -0.260791
-0.174389 0.0709344 -0.285931
-0.174389 0.0868481 -0.311072
-0.174389 0.102762 -0.336212
-0.174389 0.118676 -0.361353
-0.174389 0.134589 -0.386494
-0.174389 0.150503 -0.411634
-0.159113 -0.358736 0.405517
-0.159113 -0.342822 0.380376
-0.159113 -0.326909 0.355235
-0.159113 -0.310995 0.330095
-0.159113 -0.295081 0.304954
-0.159113 -0.279167 0.279814
-0.159113 -0.263254 0.254673
-0.159113 -0.24734 0.229533
-0.159113 -0.231426 0.204392
-0.159113 -0.215513 0.179252
-0.159113 -0.199599 0.154111
-0.159113 -0.183685 0.12897
-0.159113 -0.167771 0.10383
-0.159113 -0.151858 0.0786894
-0.159113 -0.135944 0.0535488
-0.159113 -0.12003 0.0284082
-0.159113 -0.104117 0.00326769
-0.159113 -0.0882028 -0.0218729
-0.159113 -0.0722891 -0.0470134
-0.159113 -0.0563754 -0.072154
-0.159113 -0.0404617 -0.0972945
-0.159113 -0.0245479 -0.122435
-0.159113 -0.00863422 -0.147576
-0.159113 0.00727949 -0.172716
-0.159113 0.0231932 -0.197857
-0.159113 0.0391069 -0.222997
-0.159113 0.0550206 -0.248138
-0.159113 0.0709344 -0.273278
-0.159113 0.0868481 -0.298419
-0.159113 0.102762 -0.32356
-0.159113 0.118676 -0.3487
-0.159113 0.134589 -0.373841
-0.159113 0.150503 -0.398981
-0.159113 0.166417 -0.424122
-0.143837 -0.358736 0.418169
-0.143837 -0.342822 0.393029
-0.143837 -0.326909 0.367888
-0.143837 -0.310995 0.342748
-0.143837 -0.295081 0.317607
-0.143837 -0.279167 0.292467
-0.143837 -0.263254 0.267326
-0.143837 -0.24734 0.242186
-0.143837 -0.231426 0.217045
-0.143837 -0.215513 0.191904
-0.143837 -0.199599 0.166764
-0.143837 -0.183685 0.141623
-0.143837 -0.167771 0.116483
-0.143837 -0.151858 0.0913422
-0.143837 -0.135944 0.0662017
-0.143837 -0.12003 0.0410611
-0.143837 -0.104117 0.0159206
-0.143837 -0.0882028 -0.00921998
-0.143837 -0.0722891 -0.0343605
-0.143837 -0.0563754 -0.0595011
-0.143837 -0.0404617 -0.0846416
-0.143837 -0.0245479 -0.109782
-0.143837 -0.00863422 -0.134923
-0.143837 0.00727949 -0.160063
-0.143837 0.0231932 -0.185204
-0.143837 0.0391069 -0.210344
-0.143837 0.0550206 -0.235485
-0.143837 0.0709344 -0.260626
-0.143837 0.0868481 -0.285766
-0.143837 0.102762 -0.310907
-0.143837 0.118676 -0.336047
-0.143837 0.134589 -0.361188
-0.143837 0.150503 -0.386328
-0.143837 0.166417 -0.411469
-0.128561 -0.342822 0.405682
-0.128561 -0.326909 0.380541
-0.128561 -0.310995 0.355401
-0.128561 -0.295081 0.33026
-0.128561 -0.279167 0.30512
-0.128561 -0.263254 0.279979
-0.128561 -0.24734 0.254838
-0.128561 -0.231426 0.229698
-0.128561 -0.215513 0.204557
-0.128561 -0.199599 0.179417
-0.128561 -0.183685 0.154276
-0.128561 -0.167771 0.129136
-0.128561 -0.151858 0.103995
-0.128561 -0.135944 0.0788546
-0.128561 -0.12003 0.053714
-0.128561 -0.104117 0.0285735
-0.128561 -0.0882028 0.00343291
-0.128561 -0.0722891 -0.0217076
-0.128561 -0.0563754 -0.0468482
-0.128561 -0.0404617 -0.0719888
-0.128561 -0.0245479 -0.0971293
-0.128561 -0.00863422 -0.12227
-0.128561 0.00727949 -0.14741
-0.128561 0.0231932 -0.172551
-0.128561 0.0391069 -0.197692
-0.128561 0.0550206 -0.222832
-0.128561 0.0709344 -0.247973
-0.128561 0.0868481 -0.273113
-0.128561 0.102762 -0.298254
-0.128561 0.118676 -0.323394
-0.128561 0.134589 -0.348535
-0.128561 0.150503 -0.373675
-0.128561 0.166417 -0.398816
-0.128561 0.18233 -0.423957
-0.113285 -0.342822 0.418335
-0.113285 -0.326909 0.393194
-0.113285 -0.310995 0.368054
-0.113285 -0.295081 0.342913
-0.113285 -0.279167 0.317772
-0.113285 -0.263254 0.292632
-0.113285 -0.24734 0.267491
-0.113285 -0.231426 0.242351
-0.113285 -0.215513 0.21721
-0.113285 -0.199599 0.19207
-0.113285 -0.183685 0.166929
-0.113285 -0.167771 0.141789
-0.113285 -0.151858 0.116648
-0.113285 -0.135944 0.0915075
-0.113285 -0.12003 0.0663669
-0.113285 -0.104117 0.0412263
-0.113285 -0.0882028 0.0160858
-0.113285 -0.0722891 -0.00905476
-0.113285 -0.0563754 -0.0341953
-0.113285 -0.0404617 -0.0593359
-0.113285 -0.0245479 -0.0844764
-0.113285 -0.00863422 -0.109617
-0.113285 0.00727949 -0.134758
-0.113285 0.0231932 -0.159898
-0.113285 0.0391069 -0.185039
-0.113285 0.0550206 -0.210179
-0.113285 0.0709344 -0.23532
-0.113285 0.0868481 -0.26046
-0.113285 0.102762 -0.285601
-0.113285 0.118676 -0.310741
-0.113285 0.134589 -0.335882
-0.113285 0.150503 -0.361023
-0.113285 0.166417 -0.386163
-0.113285 0.18233 -0.411304
-0.0980097 -0.326909 0.405847
-0.0980097 -0.310995 0.380706
-0.0980097 -0.295081 0.355566
-0.0980097 -0.279167 0.330425
-0.0980097 -0.263254 0.305285
-0.0980097 -0.24734 0.280144
-0.0980097 -0.231426 0.255004
-0.0980097 -0.215513 0.229863
-0.0980097 -0.199599 0.204723
-0.0980097 -0.183685 0.179582
-0.0980097 -0.167771 0.154441
-0.0980097 -0.151858 0.129301
-0.0980097 -0.135944 0.10416
-0.0980097 -0.12003 0.0790198
-0.0980097 -0.104117 0.0538792
-0.0980097 -0.0882028 0.0287387
-0.0980097 -0.0722891 0.00359812
-0.0980097 -0.0563754 -0.0215424
-0.0980097 -0.0404617 -0.046683
-0.0980097 -0.0245479 -0.0718235
-0.0980097 -0.00863422 -0.0969641
-0.0980097 0.00727949 -0.122105
-0.0980097 0.0231932 -0.147245
-0.0980097 0.0391069 -0.172386
-0.0980097 0.0550206 -0.197526
-0.0980097 0.0709344 -0.222667
-0.0980097 0.0868481 -0.247807
-0.0980097 0.102762 -0.272948
-0.0980097 0.118676 -0.298089
-0.0980097 0.134589 -0.323229
-0.0980097 0.150503 -0.34837
-0.0980097 0.166417 -0.37351
-0.0980097 0.18233 -0.398651
-0.0980097 0.198244 -0.423791
-0.0827339 -0.326909 0.4185
-0.0827339 -0.310995 0.393359
-0.0827339 -0.295081 0.368219
-0.0827339 -0.279167 0.343078
-0.0827339 -0.263254 0.317938
-0.0827339 -0.24734 0.292797
-0.0827339 -0.231426 0.267657
-0.0827339 -0.215513 0.242516
-0.0827339 -0.199599 0.217375
-0.0827339 -0.183685 0.192235
-0.0827339 -0.167771 0.167094
-0.0827339 -0.151858 0.141954
-0.0827339 -0.135944 0.116813
-0.0827339 -0.12003 0.0916727
-0.0827339 -0.104117 0.0665321
-0.0827339 -0.0882028 0.0413916
-0.0827339 -0.0722891 0.016251
-0.0827339 -0.0563754 -0.00888954
-0.0827339 -0.0404617 -0.0340301
-0.0827339 -0.0245479 -0.0591707
-0.0827339 -0.00863422 -0.0843112
-0.0827339 0.00727949 -0.109452
-0.0827339 0.0231932 -0.134592
-0.0827339 0.0391069 -0.159733
-0.0827339 0.0550206 -0.184873
-0.0827339 0.0709344 -0.210014
-0.0827339 0.0868481 -0.235155
-0.0827339 0.102762 -0.260295
-0.0827339 0.118676 -0.285436
-0.0827339 0.134589 -0.310576
-0.0827339 0.150503 -0.335717
-0.0827339 0.166417 -0.360857
-0.0827339 0.18233 -0.385998
-0.0827339 0.198244 -0.411138
-0.0674581 -0.310995 0.406012
-0.0674581 -0.295081 0.380872
-0.0674581 -0.279167 0.355731
-0.0674581 -0.263254 0.330591
-0.0674581 -0.24734 0.30545
-0.0674581 -0.231426 0.280309
-0.0674581 -0.215513 0.255169
-0.0674581 -0.199599 0.230028
-0.0674581 -0.183685 0.204888
-0.0674581 -0.167771 0.179747
-0.0674581 -0.151858 0.154607
-0.0674581 -0.135944 0.129466
-0.0674581 -0.12003 0.104326
-0.0674581 -0.104117 0.079185
-0.0674581 -0.0882028 0.0540445
-0.0674581 -0.0722891 0.0289039
-0.0674581 -0.0563754 0.00376334
-0.0674581 -0.0404617 -0.0213772
-0.0674581 -0.0245479 -0.0465178
-0.0674581 -0.00863422 -0.0716583
-0.0674581 0.00727949 -0.0967989
-0.0674581 0.0231932 -0.121939
-0.0674581 0.0391069 -0.14708
-0.0674581 0.0550206 -0.172221
-0.0674581 0.0709344 -0.197361
-0.0674581 0.0868481 -0.222502
-0.0674581 0.102762 -0.247642
-0.0674581 0.118676 -0.272783
-0.0674581 0.134589 -0.297923
-0.0674581 0.150503 -0.323064
-0.0674581 0.166417 -0.348204
-0.0674581 0.18233 -0.373345
-0.0674581 0.198244 -0.398486
-0.0674581 0.214158 -0.423626
-0.0521823 -0.310995 0.418665
-0.0521823 -0.295081 0.393525
-0.0521823 -0.279167 0.368384
-0.0521823 -0.263254 0.343243
-0.0521823 -0.24734 0.318103
-0.0521823 -0.231426 0.292962
-0.0521823 -0.215513 0.267822
-0.0521823 -0.199599 0.242681
-0.0521823 -0.183685 0.217541
-0.0521823 -0.167771 0.1924
-0.0521823 -0.151858 0.16726
-0.0521823 -0.135944 0.142119
-0.0521823 -0.12003 0.116978
-0.0521823 -0.104117 0.0918379
-0.0521823 -0.0882028 0.0666973
-0.0521823 -0.0722891 0.0415568
-0.0521823 -0.0563754 0.0164162
-0.0521823 -0.0404617 -0.00872433
-0.0521823 -0.0245479 -0.0338649
-0.0521823 -0.00863422 -0.0590054
-0.0521823 0.00727949 -0.084146
-0.0521823 0.0231932 -0.109287
-0.0521823 0.0391069 -0.134427
-0.0521823 0.0550206 -0.159568
-0.0521823 0.0709344 -0.184708
-0.0521823 0.0868481 -0.209849
-0.0521823 0.102762 -0.234989
-0.0521823 0.118676 -0.26013
-0.0521823 0.134589 -0.28527
-0.0521823 0.150503 -0.310411
-0.0521823 0.166417 -0.335552
-0.0521823 0.18233 -0.360692
-0.0521823 0.198244 -0.385833
-0.0521823 0.214158 -0.410973
-0.0369065 -0.295081 0.406177
-0.0369065 -0.279167 0.381037
-0.0369065 -0.263254 0.355896
-0.0369065 -0.24734 0.330756
-0.0369065 -0.231426 0.305615
-0.0369065 -0.215513 0.280475
-0.0369065 -0.199599 0.255334
-0.0369065 -0.183685 0.230194
-0.0369065 -0.167771 0.205053
-0.0369065 -0.151858 0.179912
-0.0369065 -0.135944 0.154772
-0.0369065 -0.12003 0.129631
-0.0369065 -0.104117 0.104491
-0.0369065 -0.0882028 0.0793502
-0.0369065 -0.0722891 0.0542097
-0.0369065 -0.0563754 0.0290691
-0.0369065 -0.0404617 0.00392856
-0.0369065 -0.0245479 -0.021212
-0.0369065 -0.00863422 -0.0463526
-0.0369065 0.00727949 -0.0714931
-0.0369065 0.0231932 -0.0966337
-0.0369065 0.0391069 -0.121774
-0.0369065 0.0550206 -0.146915
-0.0369065 0.0709344 -0.172055
-0.0369065 0.0868481 -0.197196
-0.0369065 0.102762 -0.222336
-0.0369065 0.118676 -0.247477
-0.0369065 0.134589 -0.272618
-0.0369065 0.150503 -0.297758
-0.0369065 0.166417 -0.322899
-0.0369065 0.18233 -0.348039
-0.0369065 0.198244 -0.37318
-0.0369065 0.214158 -0.39832
-0.0369065 0.230072 -0.423461
-0.0216307 -0.295081 0.41883
-0.0216307 -0.279167 0.39369
-0.0216307 -0.263254 0.368549
-0.0216307 -0.24734 0.343409
-0.0216307 -0.231426 0.318268
-0.0216307 -0.215513 0.293128
-0.0216307 -0.199599 0.267987
-0.0216307 -0.183685 0.242846
-0.0216307 -0.167771 0.217706
-0.0216307 -0.151858 0.192565
-0.0216307 -0.135944 0.167425
-0.0216307 -0.12003 0.142284
-0.0216307 -0.104117 0.117144
-0.0216307 -0.0882028 0.0920031
-0.0216307 -0.0722891 0.0668626
-0.0216307 -0.0563754 0.041722
-0.0216307 -0.0404617 0.0165814
-0.0216307 -0.0245479 -0.00855911
-0.0216307 -0.00863422 -0.0336997
-0.0216307 0.00727949 -0.0588402
-0.0216307 0.0231932 -0.0839808
-0.0216307 0.0391069 -0.109121
-0.0216307 0.0550206 -0.134262
-0.0216307 0.0709344 -0.159402
-0.0216307 0.0868481 -0.184543
-0.0216307 0.102762 -0.209684
-0.0216307 0.118676 -0.234824
-0.0216307 0.134589 -0.259965
-0.0216307 0.150503 -0.285105
-0.0216307 0.166417 -0.310246
-0.0216307 0.18233 -0.335386
-0.0216307 0.198244 -0.360527
-0.0216307 0.214158 -0.385667
-0.0216307 0.230072 -0.410808
-0.0063549 -0.279167 0.406343
-0.0063549 -0.263254 0.381202
-0.0063549 -0.24734 0.356062
-0.0063549 -0.231426 0.330921
-0.0063549 -0.215513 0.30578
-0.0063549 -0.199599 0.28064
-0.0063549 -0.183685 0.255499
-0.0063549 -0.167771 0.230359
-0.0063549 -0.151858 0.205218
-0.0063549 -0.135944 0.180078
-0.0063549 -0.12003 0.154937
-0.0063549 -0.104117 0.129797
-0.0063549 -0.0882028 0.104656
-0.0063549 -0.0722891 0.0795154
-0.0063549 -0.0563754 0.0543749
-0.0063549 -0.0404617 0.0292343
-0.0063549 -0.0245479 0.00409377
-0.0063549 -0.00863422 -0.0210468
-0.0063549 0.00727949 -0.0461873
-0.0063549 0.0231932 -0.0713279
-0.0063549 0.0391069 -0.0964684
-0.0063549 0.0550206 -0.121609
-0.0063549 0.0709344 -0.14675
-0.0063549 0.0868481 -0.17189
-0.0063549 0.102762 -0.197031
-0.0063549 0.118676 -0.222171
-0.0063549 0.134589 -0.247312
-0.0063549 0.150503 -0.272452
-0.0063549 0.166417 -0.297593
-0.0063549 0.18233 -0.322733
-0.0063549 0.198244 -0.347874
-0.0063549 0.214158 -0.373015
-0.0063549 0.230072 -0.398155
-0.0063549 0.245985 -0.423296
0.00892089 -0.279167 0.418996
0.00892089 -0.263254 0.393855
0.00892089 -0.24734 0.368714
0.00892089 -0.231426 0.343574
0.00892089 -0.215513 0.318433
0.00892089 -0.199599 0.293293
0.00892089 -0.183685 0.268152
0.00892089 -0.167771 0.243012
0.00892089 -0.151858 0.217871
0.00892089 -0.135944 0.192731
0.00892089 -0.12003 0.16759
0.00892089 -0.104117 0.142449
0.00892089 -0.0882028 0.117309
0.00892089 -0.0722891 0.0921683
0.00892089 -0.0563754 0.0670278
0.00892089 -0.0404617 0.0418872
0.00892089 -0.0245479 0.0167467
0.00892089 -0.00863422 -0.00839389
0.00892089 0.00727949 -0.0335344
0.00892089 0.0231932 -0.058675
0.00892089 0.0391069 -0.0838156
0.00892089 0.0550206 -0.108956
0.00892089 0.0709344 -0.134097
0.00892089 0.0868481 -0.159237
0.00892089 0.102762 -0.184378
0.00892089 0.118676 -0.209518
0.00892089 0.134589 -0.234659
0.00892089 0.150503 -0.259799
0.00892089 0.166417 -0.28494
0.00892089 0.18233 -0.310081
0.00892089 0.198244 -0.335221
0.00892089 0.214158 -0.360362
0.00892089 0.230072 -0.385502
0.00892089 0.245985 -0.410643
0.0241967 -0.263254 0.406508
0.0241967 -0.24734 0.381367
0.0241967 -0.231426 0.356227
0.0241967 -0.215513 0.331086
0.0241967 -0.199599 0.305946
0.0241967 -0.183685 0.280805
0.0241967 -0.167771 0.255665
0.0241967 -0.151858 0.230524
0.0241967 -0.135944 0.205383
0.0241967 -0.12003 0.180243
0.0241967 -0.104117 0.155102
0.0241967 -0.0882028 0.129962
0.0241967 -0.0722891 0.104821
0.0241967 -0.0563754 0.0796807
0.0241967 -0.0404617 0.0545401
0.0241967 -0.0245479 0.0293995
0.0241967 -0.00863422 0.00425899
0.0241967 0.00727949 -0.0208816
0.0241967 0.0231932 -0.0460221
0.0241967 0.0391069 -0.0711627
0.0241967 0.0550206 -0.0963032
0.0241967 0.0709344 -0.121444
0.0241967 0.0868481 -0.146584
0.0241967 0.102762 -0.171725
0.0241967 0.118676 -0.196865
0.0241967 0.134589 -0.222006
0.0241967 0.150503 -0.247147
0.0241967 0.166417 -0.272287
0.0241967 0.18233 -0.297428
0.0241967 0.198244 -0.322568
0.0241967 0.214158 -0.347709
0.0241967 0.230072 -0.372849
0.0241967 0.245985 -0.39799
0.0241967 0.261899 -0.42313
0.0394725 -0.263254 0.419161
0.0394725 -0.24734 0.39402
0.0394725 -0.231426 0.36888
0.0394725 -0.215513 0.343739
0.0394725 -0.199599 0.318599
0.0394725 -0.183685 0.293458
0.0394725 -0.167771 0.268317
0.0394725 -0.151858 0.243177
0.0394725 -0.135944 0.218036
0.0394725 -0.12003 0.192896
0.0394725 -0.104117 0.167755
0.0394725 -0.0882028 0.142615
0.0394725 -0.0722891 0.117474
0.0394725 -0.0563754 0.0923335
0.0394725 -0.0404617 0.067193
0.0394725 -0.0245479 0.0420524
0.0394725 -0.00863422 0.0169119
0.0394725 0.00727949 -0.00822868
0.0394725 0.0231932 -0.0333692
0.0394725 0.0391069 -0.0585098
0.0394725 0.0550206 -0.0836503
0.0394725 0.0709344 -0.108791
0.0394725 0.0868481 -0.133931
0.0394725 0.102762 -0.159072
0.0394725 0.118676 -0.184213
0.0394725 0.134589 -0.209353
0.0394725 0.150503 -0.234494
0.0394725 0.166417 -0.259634
0.0394725 0.18233 -0.284775
0.0394725 0.198244 -0.309915
0.0394725 0.214158 -0.335056
0.0394725 0.230072 -0.360196
0.0394725 0.245985 -0.385337
0.0394725 0.261899 -0.410478
0.0547483 -0.24734 0.406673
0.0547483 -0.231426 0.381533
0.0547483 -0.215513 0.356392
0.0547483 -0.199599 0.331251
0.0547483 -0.183685 0.306111
0.0547483 -0.167771 0.28097
0.0547483 -0.151858 0.25583
0.0547483 -0.135944 0.230689
0.0547483 -0.12003 0.205549
0.0547483 -0.104117 0.180408
0.0547483 -0.0882028 0.155268
0.0547483 -0.0722891 0.130127
0.0547483 -0.0563754 0.104986
0.0547483 -0.0404617 0.0798459
0.0547483 -0.0245479 0.0547053
0.0547483 -0.00863422 0.0295648
0.0547483 0.00727949 0.00442421
0.0547483 0.0231932 -0.0207163
0.0547483 0.0391069 -0.0458569
0.0547483 0.0550206 -0.0709975
0.0547483 0.0709344 -0.096138
0.0547483 0.0868481 -0.121279
0.0547483 0.102762 -0.146419
0.0547483 0.118676 -0.17156
0.0547483 0.134589 -0.1967
0.0547483 0.150503 -0.221841
0.0547483 0.166417 -0.246981
0.0547483 0.18233 -0.272122
0.0547483 0.198244 -0.297262
0.0547483 0.214158 -0.322403
0.0547483 0.230072 -0.347544
0.0547483 0.245985 -0.372684
0.0547483 0.261899 -0.397825
0.0547483 0.277813 -0.422965
0.0700241 -0.24734 0.419326
0.0700241 -0.231426 0.394185
0.0700241 -0.215513 0.369045
0.0700241 -0.199599 0.343904
0.0700241 -0.183685 0.318764
0.0700241 -0.167771 0.293623
0.0700241 -0.151858 0.268483
0.0700241 -0.135944 0.243342
0.0700241 -0.12003 0.218202
0.0700241 -0.104117 0.193061
0.0700241 -0.0882028 0.16792
0.0700241 -0.0722891 0.14278
0.0700241 -0.0563754 0.117639
0.0700241 -0.0404617 0.0924988
0.0700241 -0.0245479 0.0673582
0.0700241 -0.00863422 0.0422176
0.0700241 0.00727949 0.0170771
0.0700241 0.0231932 -0.00806346
0.0700241 0.0391069 -0.033204
0.0700241 0.0550206 -0.0583446
0.0700241 0.0709344 -0.0834851
0.0700241 0.0868481 -0.108626
0.0700241 0.102762 -0.133766
0.0700241 0.118676 -0.158907
0.0700241 0.134589 -0.184047
0.0700241 0.150503 -0.209188
0.0700241 0.166417 -0.234328
0.0700241 0.18233 -0.259469
0.0700241 0.198244 -0.28461
0.0700241 0.214158 -0.30975
0.0700241 0.230072 -0.334891
0.0700241 0.245985 -0.360031
0.0700241 0.261899 -0.385172
0.0700241 0.277813 -0.410312
0.0852999 -0.231426 0.406838
0.0852999 -0.215513 0.381698
0.0852999 -0.199599 0.356557
0.0852999 -0.183685 0.331417
0.0852999 -0.167771 0.306276
0.0852999 -0.151858 0.281136
0.0852999 -0.135944 0.255995
0.0852999 -0.12003 0.230854
0.0852999 -0.104117 0.205714
0.0852999 -0.0882028 0.180573
0.0852999 -0.0722891 0.155433
0.0852999 -0.0563754 0.130292
0.0852999 -0.0404617 0.105152
0.0852999 -0.0245479 0.0800111
0.0852999 -0.00863422 0.0548705
0.0852999 0.00727949 0.02973
0.0852999 0.0231932 0.00458942
0.0852999 0.0391069 -0.0205511
0.0852999 0.0550206 -0.0456917
0.0852999 0.0709344 -0.0708322
0.0852999 0.0868481 -0.0959728
0.0852999 0.102762 -0.121113
0.0852999 0.118676 -0.146254
0.0852999 0.134589 -0.171394
0.0852999 0.150503 -0.196535
0.0852999 0.166417 -0.221676
0.0852999 0.18233 -0.246816
0.0852999 0.198244 -0.271957
0.0852999 0.214158 -0.297097
0.0852999 0.230072 -0.322238
0.0852999 0.245985 -0.347378
0.0852999 0.261899 -0.372519
0.0852999 0.277813 -0.397659
0.0852999 0.293726 -0.4228
0.100576 -0.231426 0.419491
0.100576 -0.215513 0.394351
0.100576 -0.199599 0.36921
0.100576 -0.183685 0.34407
0.100576 -0.167771 0.318929
0.100576 -0.151858 0.293788
0.100576 -0.135944 0.268648
0.100576 -0.12003 0.243507
0.100576 -0.104117 0.218367
0.100576 -0.0882028 0.193226
0.100576 -0.0722891 0.168086
0.100576 -0.0563754 0.142945
0.100576 -0.0404617 0.117805
0.100576 -0.0245479 0.092664
0.100576 -0.00863422 0.0675234
0.100576 0.00727949 0.0423829
0.100576 0.0231932 0.0172423
0.100576 0.0391069 -0.00789824
0.100576 0.0550206 -0.0330388
0.100576 0.0709344 -0.0581794
0.100576 0.0868481 -0.0833199
0.100576 0.102762 -0.10846
0.100576 0.118676 -0.133601
0.100576 0.134589 -0.158742
0.100576 0.150503 -0.183882
0.100576 0.166417 -0.209023
0.100576 0.18233 -0.234163
0.100576 0.198244 -0.259304
0.100576 0.214158 -0.284444
0.100576 0.230072 -0.309585
0.100576 0.245985 -0.334725
0.100576 0.261899 -0.359866
0.100576 0.277813 -0.385007
0.100576 0.293726 -0.410147
0.115851 -0.215513 0.407004
0.115851 -0.199599 0.381863
0.115851 -0.183685 0.356722
0.115851 -0.167771 0.331582
0.115851 -0.151858 0.306441
0.115851 -0.135944 0.281301
0.115851 -0.12003 0.25616
0.115851 -0.104117 0.23102
0.115851 -0.0882028 0.205879
0.115851 -0.0722891 0.180739
0.115851 -0.0563754 0.155598
0.115851 -0.0404617 0.130457
0.115851 -0.0245479 0.105317
0.115851 -0.00863422 0.0801763
0.115851 0.00727949 0.0550358
0.115851 0.0231932 0.0298952
0.115851 0.0391069 0.00475464
0.115851 0.0550206 -0.0203859
0.115851 0.0709344 -0.0455265
0.115851 0.0868481 -0.070667
0.115851 0.102762 -0.0958076
0.115851 0.118676 -0.120948
0.115851 0.134589 -0.146089
0.115851 0.150503 -0.171229
0.115851 0.166417 -0.19637
0.115851 0.18233 -0.22151
0.115851 0.198244 -0.246651
0.115851 0.214158 -0.271791
0.115851 0.230072 -0.296932
0.115851 0.245985 -0.322073
0.115851 0.261899 -0.347213
0.115851 0.277813 -0.372354
0.115851 0.293726 -0.397494
0.115851 0.30964 -0.422635
0.131127 -0.215513 0.419656
0.131127 -0.199599 0.394516
0.131127 -0.183685 0.369375
0.131127 -0.167771 0.344235
0.131127 -0.151858 0.319094
0.131127 -0.135944 0.293954
0.131127 -0.12003 0.268813
0.131127 -0.104117 0.243673
0.131127 -0.0882028 0.218532
0.131127 -0.0722891 0.193391
0.131127 -0.0563754 0.168251
0.131127 -0.0404617 0.14311
0.131127 -0.0245479 0.11797
0.131127 -0.00863422 0.0928292
0.131127 0.00727949 0.0676886
0.131127 0.0231932 0.0425481
0.131127 0.0391069 0.0174075
0.131127 0.0550206 -0.00773303
0.131127 0.0709344 -0.0328736
0.131127 0.0868481 -0.0580141
0.131127 0.102762 -0.0831547
0.131127 0.118676 -0.108295
0.131127 0.134589 -0.133436
0.131127 0.150503 -0.158576
0.131127 0.166417 -0.183717
0.131127 0.18233 -0.208857
0.131127 0.198244 -0.233998
0.131127 0.214158 -0.259139
0.131127 0.230072 -0.284279
0.131127 0.245985 -0.30942
0.131127 0.261899 -0.33456
0.131127 0.277813 -0.359701
0.131127 0.293726 -0.384841
0.131127 0.30964 -0.409982
0.146403 -0.199599 0.407169
0.146403 -0.183685 0.382028
0.146403 -0.167771 0.356888
0.146403 -0.151858 0.331747
0.146403 -0.135944 0.306607
0.146403 -0.12003 0.281466
0.146403 -0.104117 0.256325
0.146403 -0.0882028 0.231185
0.146403 -0.0722891 0.206044
0.146403 -0.0563754 0.180904
0.146403 -0.0404617 0.155763
0.146403 -0.0245479 0.130623
0.146403 -0.00863422 0.105482
0.146403 0.00727949 0.0803415
0.146403 0.0231932 0.055201
0.146403 0.0391069 0.0300604
0.146403 0.0550206 0.00491986
0.146403 0.0709344 -0.0202207
0.146403 0.0868481 -0.0453613
0.146403 0.102762 -0.0705018
0.146403 0.118676 -0.0956424
0.146403 0.134589 -0.120783
0.146403 0.150503 -0.145923
0.146403 0.166417 -0.171064
0.146403 0.18233 -0.196205
0.146403 0.198244 -0.221345
0.146403 0.214158 -0.246486
0.146403 0.230072 -0.271626
0.146403 0.245985 -0.296767
0.146403 0.261899 -0.321907
0.146403 0.277813 -0.347048
0.146403 0.293726 -0.372188
0.146403 0.30964 -0.397329
0.146403 0.325554 -0.42247
0.161679 -0.199599 0.419822
0.161679 -0.183685 0.394681
0.161679 -0.167771 0.369541
0.161679 -0.151858 0.3444
0.161679 -0.135944 0.319259
0.161679 -0.12003 0.294119
0.161679 -0.104117 0.268978
0.161679 -0.0882028 0.243838
0.161679 -0.0722891 0.218697
0.161679 -0.0563754 0.193557
0.161679 -0.0404617 0.168416
0.161679 -0.0245479 0.143276
0.161679 -0.00863422 0.118135
0.161679 0.00727949 0.0929944
0.161679 0.0231932 0.0678539
0.161679 0.0391069 0.0427133
0.161679 0.0550206 0.0175727
0.161679 0.0709344 -0.00756781
0.161679 0.0868481 -0.0327084
0.161679 0.102762 -0.0578489
0.161679 0.118676 -0.0829895
0.161679 0.134589 -0.10813
0.161679 0.150503 -0.133271
0.161679 0.166417 -0.158411
0.161679 0.18233 -0.183552
0.161679 0.198244 -0.208692
0.161679 0.214158 -0.233833
0.161679 0.230072 -0.258973
0.161679 0.245985 -0.284114
0.161679 0.261899 -0.309254
0.161679 0.277813 -0.334395
0.161679 0.293726 -0.359536
0.161679 0.30964 -0.384676
0.161679 0.325554 -0.409817
0.176955 -0.183685 0.407334
0.176955 -0.167771 0.382193
0.176955 -0.151858 0.357053
0.176955 -0.135944 0.331912
0.176955 -0.12003 0.306772
0.176955 -0.104117 0.281631
0.176955 -0.0882028 0.256491
0.176955 -0.0722891 0.23135
0.176955 -0.0563754 0.20621
0.176955 -0.0404617 0.181069
0.176955 -0.0245479 0.155928
0.176955 -0.00863422 0.130788
0.176955 0.00727949 0.105647
0.176955 0.0231932 0.0805067
0.176955 0.0391069 0.0553662
0.176955 0.0550206 0.0302256
0.176955 0.0709344 0.00508507
0.176955 0.0868481 -0.0200555
0.176955 0.102762 -0.045196
0.176955 0.118676 -0.0703366
0.176955 0.134589 -0.0954771
0.176955 0.150503 -0.120618
0.176955 0.166417 -0.145758
0.176955 0.18233 -0.170899
0.176955 0.198244 -0.196039
0.176955 0.214158 -0.22118
0.176955 0.230072 -0.24632
0.176955 0.245985 -0.271461
0.176955 0.261899 -0.296602
0.176955 0.277813 -0.321742
0.176955 0.293726 -0.346883
0.176955 0.30964 -0.372023
0.176955 0.325554 -0.397164
0.176955 0.341468 -0.422304
0.19223 -0.183685 0.419987
0.19223 -0.167771 0.394846
0.19223 -0.151858 0.369706
0.19223 -0.135944 0.344565
0.19223 -0.12003 0.319425
0.19223 -0.104117 0.294284
0.19223 -0.0882028 0.269144
0.19223 -0.0722891 0.244003
0.19223 -0.0563754 0.218862
0.19223 -0.0404617 0.193722
0.19223 -0.0245479 0.168581
0.19223 -0.00863422 0.143441
0.19223 0.00727949 0.1183
0.19223 0.0231932 0.0931596
0.19223 0.0391069 0.0680191
0.19223 0.0550206 0.0428785
0.19223 0.0709344 0.017738
0.19223 0.0868481 -0.00740259
0.19223 0.102762 -0.0325432
0.19223 0.118676 -0.0576837
0.19223 0.134589 -0.0828243
0.19223 0.150503 -0.107965
0.19223 0.166417 -0.133105
0.19223 0.18233 -0.158246
0.19223 0.198244 -0.183386
0.19223 0.214158 -0.208527
0.19223 0.230072 -0.233668
0.19223 0.245985 -0.258808
0.19223 0.261899 -0.283949
0.19223 0.277813 -0.309089
0.19223 0.293726 -0.33423
0.19223 0.30964 -0.35937
0.19223 0.325554 -0.384511
0.19223 0.341468 -0.409651
0.207506 -0.167771 0.407499
0.207506 -0.151858 0.382359
0.207506 -0.135944 0.357218
0.207506 -0.12003 0.332078
0.207506 -0.104117 0.306937
0.207506 -0.0882028 0.281796
0.207506 -0.0722891 0.256656
0.207506 -0.0563754 0.231515
0.207506 -0.0404617 0.206375
0.207506 -0.0245479 0.181234
0.207506 -0.00863422 0.156094
0.207506 0.00727949 0.130953
0.207506 0.0231932 0.105813
0.207506 0.0391069 0.080672
0.207506 0.0550206 0.0555314
0.207506 0.0709344 0.0303908
0.207506 0.0868481 0.00525029
0.207506 0.102762 -0.0198903
0.207506 0.118676 -0.0450308
0.207506 0.134589 -0.0701714
0.207506 0.150503 -0.0953119
0.207506 0.166417 -0.120452
0.207506 0.18233 -0.145593
0.207506 0.198244 -0.170734
0.207506 0.214158 -0.195874
0.207506 0.230072 -0.221015
0.207506 0.245985 -0.246155
0.207506 0.261899 -0.271296
0.207506 0.277813 -0.296436
0.207506 0.293726 -0.321577
0.207506 0.30964 -0.346717
0.207506 0.325554 -0.371858
0.207506 0.341468 -0.396999
0.207506 0.357381 -0.422139
0.222782 -0.151858 0.395012
0.222782 -0.135944 0.369871
0.222782 -0.12003 0.34473
0.222782 -0.104117 0.31959
0.222782 -0.0882028 0.294449
0.222782 -0.0722891 0.269309
0.222782 -0.0563754 0.244168
0.222782 -0.0404617 0.219028
0.222782 -0.0245479 0.193887
0.222782 -0.00863422 0.168747
0.222782 0.00727949 0.143606
0.222782 0.0231932 0.118465
0.222782 0.0391069 0.0933248
0.222782 0.0550206 0.0681843
0.222782 0.0709344 0.0430437
0.222782 0.0868481 0.0179032
0.222782 0.102762 -0.00723738
0.222782 0.118676 -0.0323779
0.222782 0.134589 -0.0575185
0.222782 0.150503 -0.082659
0.222782 0.166417 -0.1078
0.222782 0.18233 -0.13294
0.222782 0.198244 -0.158081
0.222782 0.214158 -0.183221
0.222782 0.230072 -0.208362
0.222782 0.245985 -0.233502
0.222782 0.261899 -0.258643
0.222782 0.277813 -0.283783
0.222782 0.293726 -0.308924
0.222782 0.30964 -0.334065
0.222782 0.325554 -0.359205
0.222782 0.341468 -0.384346
0.222782 0.357381 -0.409486
0.238058 -0.151858 0.407664
0.238058 -0.135944 0.382524
0.238058 -0.12003 0.357383
0.238058 -0.104117 0.332243
0.238058 -0.0882028 0.307102
0.238058 -0.0722891 0.281962
0.238058 -0.0563754 0.256821
0.238058 -0.0404617 0.231681
0.238058 -0.0245479 0.20654
0.238058 -0.00863422 0.181399
0.238058 0.00727949 0.156259
0.238058 0.0231932 0.131118
0.238058 0.0391069 0.105978
0.238058 0.0550206 0.0808372
0.238058 0.0709344 0.0556966
0.238058 0.0868481 0.0305561
0.238058 0.102762 0.00541551
0.238058 0.118676 -0.019725
0.238058 0.134589 -0.0448656
0.238058 0.150503 -0.0700062
0.238058 0.166417 -0.0951467
0.238058 0.18233 -0.120287
0.238058 0.198244 -0.145428
0.238058 0.214158 -0.170568
0.238058 0.230072 -0.195709
0.238058 0.245985 -0.220849
0.238058 0.261899 -0.24599
0.238058 0.277813 -0.271131
0.238058 0.293726 -0.296271
0.238058 0.30964 -0.321412
0.238058 0.325554 -0.346552
0.238058 0.341468 -0.371693
0.238058 0.357381 -0.396833
0.238058 0.373295 -0.421974
0.253334 -0.135944 0.395177
0.253334 -0.12003 0.370036
0.253334 -0.104117 0.344896
0.253334 -0.0882028 0.319755
0.253334 -0.0722891 0.294614
0.253334 -0.0563754 0.269474
0.253334 -0.0404617 0.244333
0.253334 -0.0245479 0.219193
0.253334 -0.00863422 0.194052
0.253334 0.00727949 0.168912
0.253334 0.0231932 0.143771
0.253334 0.0391069 0.118631
0.253334 0.0550206 0.0934901
0.253334 0.0709344 0.0683495
0.253334 0.0868481 0.0432089
0.253334 0.102762 0.0180684
0.253334 0.118676 -0.00707216
0.253334 0.134589 -0.0322127
0.253334 0.150503 -0.0573533
0.253334 0.166417 -0.0824938
0.253334 0.18233 -0.107634
0.253334 0.198244 -0.132775
0.253334 0.214158 -0.157915
0.253334 0.230072 -0.183056
0.253334 0.245985 -0.208197
0.253334 0.261899 -0.233337
0.253334 0.277813 -0.258478
0.253334 0.293726 -0.283618
0.253334 0.30964 -0.308759
0.253334 0.325554 -0.333899
0.253334 0.341468 -0.35904
0.253334 0.357381 -0.38418
0.253334 0.373295 -0.409321
0.268609 -0.135944 0.40783
0.268609 -0.12003 0.382689
0.268609 -0.104117 0.357548
0.268609 -0.0882028 0.332408
0.268609 -0.0722891 0.307267
0.268609 -0.0563754 0.282127
0.268609 -0.0404617 0.256986
0.268609 -0.0245479 0.231846
0.268609 -0.00863422 0.206705
0.268609 0.00727949 0.181565
0.268609 0.0231932 0.156424
0.268609 0.0391069 0.131283
0.268609 0.0550206 0.106143
0.268609 0.0709344 0.0810024
0.268609 0.0868481 0.0558618
0.268609 0.102762 0.0307213
0.268609 0.118676 0.00558072
0.268609 0.134589 -0.0195598
0.268609 0.150503 -0.0447004
0.268609 0.166417 -0.0698409
0.268609 0.18233 -0.0949815
0.268609 0.198244 -0.120122
0.268609 0.214158 -0.145263
0.268609 0.230072 -0.170403
0.268609 0.245985 -0.195544
0.268609 0.261899 -0.220684
0.268609 0.277813 -0.245825
0.268609 0.293726 -0.270965
0.268609 0.30964 -0.296106
0.268609 0.325554 -0.321246
0.268609 0.341468 -0.346387
0.268609 0.357381 -0.371528
0.268609 0.373295 -0.396668
0.268609 0.389209 -0.421809
0.283885 -0.12003 0.395342
0.283885 -0.104117 0.370201
0.283885 -0.0882028 0.345061
0.283885 -0.0722891 0.31992
0.283885 -0.0563754 0.29478
0.283885 -0.0404617 0.269639
0.283885 -0.0245479 0.244499
0.283885 -0.00863422 0.219358
0.283885 0.00727949 0.194217
0.283885 0.0231932 0.169077
0.283885 0.0391069 0.143936
0.283885 0.0550206 0.118796
0.283885 0.0709344 0.0936553
0.283885 0.0868481 0.0685147
0.283885 0.102762 0.0433742
0.283885 0.118676 0.0182336
0.283885 0.134589 -0.00690694
0.283885 0.150503 -0.0320475
0.283885 0.166417 -0.0571881
0.283885 0.18233 -0.0823286
0.283885 0.198244 -0.107469
0.283885 0.214158 -0.13261
0.283885 0.230072 -0.15775
0.283885 0.245985 -0.182891
0.283885 0.261899 -0.208031
0.283885 0.277813 -0.233172
0.283885 0.293726 -0.258312
0.283885 0.30964 -0.283453
0.283885 0.325554 -0.308594
0.283885 0.341468 -0.333734
0.283885 0.357381 -0.358875
0.283885 0.373295 -0.384015
0.283885 0.389209 -0.409156
0.299161 -0.12003 0.407995
0.299161 -0.104117 0.382854
0.299161 -0.0882028 0.357714
0.299161 -0.0722891 0.332573
0.299161 -0.0563754 0.307433
0.299161 -0.0404617 0.282292
0.299161 -0.0245479 0.257151
0.299161 -0.00863422 0.232011
0.299161 0.00727949 0.20687
0.299161 0.0231932 0.18173
0.299161 0.0391069 0.156589
0.299161 0.0550206 0.131449
0.299161 0.0709344 0.106308
0.299161 0.0868481 0.0811676
0.299161 0.102762 0.0560271
0.299161 0.118676 0.0308865
0.299161 0.134589 0.00574594
0.299161 0.150503 -0.0193946
0.299161 0.166417 -0.0445352
0.299161 0.18233 -0.0696757
0.299161 0.198244 -0.0948163
0.299161 0.214158 -0.119957
0.299161 0.230072 -0.145097
0.299161 0.245985 -0.170238
0.299161 0.261899 -0.195379
0.299161 0.277813 -0.220519
0.299161 0.293726 -0.24566
0.299161 0.30964 -0.2708
0.299161 0.325554 -0.295941
0.299161 0.341468 -0.321081
0.299161 0.357381 -0.346222
0.299161 0.373295 -0.371362
0.299161 0.389209 -0.396503
0.299161 0.405122 -0.421643
0.314437 -0.104117 0.395507
0.314437 -0.0882028 0.370367
0.314437 -0.0722891 0.345226
0.314437 -0.0563754 0.320085
0.314437 -0.0404617 0.294945
0.314437 -0.0245479 0.269804
0.314437 -0.00863422 0.244664
0.314437 0.00727949 0.219523
0.314437 0.0231932 0.194383
0.314437 0.0391069 0.169242
0.314437 0.0550206 0.144102
0.314437 0.0709344 0.118961
0.314437 0.0868481 0.0938205
0.314437 0.102762 0.0686799
0.314437 0.118676 0.0435394
0.314437 0.134589 0.0183988
0.314437 0.150503 -0.00674173
0.314437 0.166417 -0.0318823
0.314437 0.18233 -0.0570228
0.314437 0.198244 -0.0821634
0.314437 0.214158 -0.107304
0.314437 0.230072 -0.132445
0.314437 0.245985 -0.157585
0.314437 0.261899 -0.182726
0.314437 0.277813 -0.207866
0.314437 0.293726 -0.233007
0.314437 0.30964 -0.258147
0.314437 0.325554 -0.283288
0.314437 0.341468 -0.308428
0.314437 0.357381 -0.333569
0.314437 0.373295 -0.35871
0.314437 0.389209 -0.38385
0.314437 0.405122 -0.408991
0.329713 -0.104117 0.40816
0.329713 -0.0882028 0.383019
0.329713 -0.0722891 0.357879
0.329713 -0.0563754 0.332738
0.329713 -0.0404617 0.307598
0.329713 -0.0245479 0.282457
0.329713 -0.00863422 0.257317
0.329713 0.00727949 0.232176
0.329713 0.0231932 0.207036
0.329713 0.0391069 0.181895
0.329713 0.0550206 0.156754
0.329713 0.0709344 0.131614
0.329713 0.0868481 0.106473
0.329713 0.102762 0.0813328
0.329713 0.118676 0.0561923
0.329713 0.134589 0.0310517
0.329713 0.150503 0.00591116
0.329713 0.166417 -0.0192294
0.329713 0.18233 -0.04437
0.329713 0.198244 -0.0695105
0.329713 0.214158 -0.0946511
0.329713 0.230072 -0.119792
0.329713 0.245985 -0.144932
0.329713 0.261899 -0.170073
0.329713 0.277813 -0.195213
0.329713 0.293726 -0.220354
0.329713 0.30964 -0.245494
0.329713 0.325554 -0.270635
0.329713 0.341468 -0.295776
0.329713 0.357381 -0.320916
0.329713 0.373295 -0.346057
0.329713 0.389209 -0.371197
0.329713 0.405122 -0.396338
0.344988 -0.0882028 0.395672
0.344988 -0.0722891 0.370532
0.344988 -0.0563754 0.345391
0.344988 -0.0404617 0.320251
0.344988 -0.0245479 0.29511
0.344988 -0.00863422 0.26997
0.344988 0.00727949 0.244829
0.344988 0.0231932 0.219688
0.344988 0.0391069 0.194548
0.344988 0.0550206 0.169407
0.344988 0.0709344 0.144267
0.344988 0.0868481 0.119126
0.344988 0.102762 0.0939857
0.344988 0.118676 0.0688452
0.344988 0.134589 0.0437046
0.344988 0.150503 0.018564
0.344988 0.166417 -0.00657651
0.344988 0.18233 -0.0317171
0.344988 0.198244 -0.0568576
0.344988 0.214158 -0.0819982
0.344988 0.230072 -0.107139
0.344988 0.245985 -0.132279
0.344988 0.261899 -0.15742
0.344988 0.277813 -0.18256
0.344988 0.293726 -0.207701
0.344988 0.30964 -0.232842
0.344988 0.325554 -0.257982
0.344988 0.341468 -0.283123
0.344988 0.357381 -0.308263
0.344988 0.373295 -0.333404
0.344988 0.389209 -0.358544
0.344988 0.405122 -0.383685
0.360264 -0.0882028 0.408325
0.360264 -0.0722891 0.383185
0.360264 -0.0563754 0.358044
0.360264 -0.0404617 0.332904
0.360264 -0.0245479 0.307763
0.360264 -0.00863422 0.282622
0.360264 0.00727949 0.257482
0.360264 0.0231932 0.232341
0.360264 0.0391069 0.207201
0.360264 0.0550206 0.18206
0.360264 0.0709344 0.15692
0.360264 0.0868481 0.131779
0.360264 0.102762 0.106639
0.360264 0.118676 0.081498
0.360264 0.134589 0.0563575
0.360264 0.150503 0.0312169
0.360264 0.166417 0.00607637
0.360264 0.18233 -0.0190642
0.360264 0.198244 -0.0442047
0.360264 0.214158 -0.0693453
0.360264 0.230072 -0.0944858
0.360264 0.245985 -0.119626
0.360264 0.261899 -0.144767
0.360264 0.277813 -0.169908
0.360264 0.293726 -0.195048
0.360264 0.30964 -0.220189
0.360264 0.325554 -0.245329
0.360264 0.341468 -0.27047
0.360264 0.357381 -0.29561
0.360264 0.373295 -0.320751
0.360264 0.389209 -0.345891
0.360264 0.405122 -0.371032
0.37554 -0.0722891 0.395838
0.37554 -0.0563754 0.370697
0.37554 -0.0404617 0.345556
0.37554 -0.0245479 0.320416
0.37554 -0.00863422 0.295275
0.37554 0.00727949 0.270135
0.37554 0.0231932 0.244994
0.37554 0.0391069 0.219854
0.37554 0.0550206 0.194713
0.37554 0.0709344 0.169573
0.37554 0.0868481 0.144432
0.37554 0.102762 0.119291
0.37554 0.118676 0.0941509
0.37554 0.134589 0.0690104
0.37554 0.150503 0.0438698
0.37554 0.166417 0.0187293
0.37554 0.18233 -0.00641129
0.37554 0.198244 -0.0315519
0.37554 0.214158 -0.0566924
0.37554 0.230072 -0.081833
0.37554 0.245985 -0.106974
0.37554 0.261899 -0.132114
0.37554 0.277813 -0.157255
0.37554 0.293726 -0.182395
0.37554 0.30964 -0.207536
0.37554 0.325554 -0.232676
0.37554 0.341468 -0.257817
0.37554 0.357381 -0.282957
0.37554 0.373295 -0.308098
0.37554 0.389209 -0.333239
0.37554 0.405122 -0.358379
0.390816 -0.0722891 0.40849
0.390816 -0.0563754 0.38335
0.390816 -0.0404617 0.358209
0.390816 -0.0245479 0.333069
0.390816 -0.00863422 0.307928
0.390816 0.00727949 0.282788
0.390816 0.0231932 0.257647
0.390816 0.0391069 0.232507
0.390816 0.0550206 0.207366
0.390816 0.0709344 0.182225
0.390816 0.0868481 0.157085
0.390816 0.102762 0.131944
0.390816 0.118676 0.106804
0.390816 0.134589 0.0816633
0.390816 0.150503 0.0565227
0.390816 0.166417 0.0313821
0.390816 0.18233 0.00624159
0.390816 0.198244 -0.018899
0.390816 0.214158 -0.0440395
0.390816 0.230072 -0.0691801
0.390816 0.245985 -0.0943206
0.390816 0.261899 -0.119461
0.390816 0.277813 -0.144602
0.390816 0.293726 -0.169742
0.390816 0.30964 -0.194883
0.390816 0.325554 -0.220023
0.390816 0.341468 -0.245164
0.390816 0.357381 -0.270305
0.390816 0.373295 -0.295445
0.390816 0.389209 -0.320586
0.390816 0.405122 -0.345726
-0.357698 -0.37465 0.26617
-0.342422 -0.37465 0.278822
-0.327147 -0.37465 0.291475
-0.311871 -0.37465 0.304128
-0.296595 -0.37465 0.316781
-0.281319 -0.37465 0.329434
-0.266043 -0.37465 0.342087
-0.250768 -0.37465 0.35474
-0.235492 -0.37465 0.367393
-0.220216 -0.37465 0.380046
-0.20494 -0.37465 0.392698
-0.189664 -0.37465 0.405351
-0.174389 -0.37465 0.418004
-0.357698 -0.358736 0.241029
-0.342422 -0.358736 0.253682
-0.327147 -0.358736 0.266335
-0.311871 -0.358736 0.278988
-0.296595 -0.358736 0.291641
-0.281319 -0.358736 0.304293
-0.266043 -0.358736 0.316946
-0.250768 -0.358736 0.329599
-0.235492 -0.358736 0.342252
-0.220216 -0.358736 0.354905
-0.20494 -0.358736 0.367558
-0.189664 -0.358736 0.380211
-0.174389 -0.358736 0.392864
-0.159113 -0.358736 0.405517
-0.143837 -0.358736 0.418169
-0.357698 -0.342822 0.215889
-0.342422 -0.342822 0.228541
-0.327147 -0.342822 0.241194
-0.311871 -0.342822 0.253847
-0.296595 -0.342822 0.2665
-0.281319 -0.342822 0.279153
-0.266043 -0.342822 0.291806
-0.250768 -0.342822 0.304459
-0.235492 -0.342822 0.317112
-0.220216 -0.342822 0.329764
-0.20494 -0.342822 0.342417
-0.189664 -0.342822 0.35507
-0.174389 -0.342822 0.367723
-0.159113 -0.342822 0.380376
-0.143837 -0.342822 0.393029
-0.128561 -0.342822 0.405682
-0.113285 -0.342822 0.418335
-0.357698 -0.326909 0.190748
-0.342422 -0.326909 0.203401
-0.327147 -0.326909 0.216054
-0.311871 -0.326909 0.228707
-0.296595 -0.326909 0.241359
-0.281319 -0.326909 0.254012
-0.266043 -0.326909 0.266665
-0.250768 -0.326909 0.279318
-0.235492 -0.326909 0.291971
-0.220216 -0.326909 0.304624
-0.20494 -0.326909 0.317277
-0.189664 -0.326909 0.32993
-0.174389 -0.326909 0.342583
-0.159113 -0.326909 0.355235
-0.143837 -0.326909 0.367888
-0.128561 -0.326909 0.380541
-0.113285 -0.326909 0.393194
-0.0980097 -0.326909 0.405847
-0.0827339 -0.326909 0.4185
-0.357698 -0.310995 0.165607
-0.342422 -0.310995 0.17826
-0.327147 -0.310995 0.190913
-0.311871 -0.310995 0.203566
-0.296595 -0.310995 0.216219
-0.281319 -0.310995 0.228872
-0.266043 -0.310995 0.241525
-0.250768 -0.310995 0.254178
-0.235492 -0.310995 0.26683
-0.220216 -0.310995 0.279483
-0.20494 -0.310995 0.292136
-0.189664 -0.310995 0.304789
-0.174389 -0.310995 0.317442
-0.159113 -0.310995 0.330095
-0.143837 -0.310995 0.342748
-0.128561 -0.310995 0.355401
-0.113285 -0.310995 0.368054
-0.0980097 -0.310995 0.380706
-0.0827339 -0.310995 0.393359
-0.0674581 -0.310995 0.406012
-0.0521823 -0.310995 0.418665
-0.357698 -0.295081 0.140467
-0.342422 -0.295081 0.15312
-0.327147 -0.295081 0.165773
-0.311871 -0.295081 0.178425
-0.296595 -0.295081 0.191078
-0.281319 -0.295081 0.203731
-0.266043 -0.295081 0.216384
-0.250768 -0.295081 0.229037
-0.235492 -0.295081 0.24169
-0.220216 -0.295081 0.254343
-0.20494 -0.295081 0.266996
-0.189664 -0.295081 0.279649
-0.174389 -0.295081 0.292301
-0.159113 -0.295081 0.304954
-0.143837 -0.295081 0.317607
-0.128561 -0.295081 0.33026
-0.113285 -0.295081 0.342913
-0.0980097 -0.295081 0.355566
-0.0827339 -0.295081 0.368219
-0.0674581 -0.295081 0.380872
-0.0521823 -0.295081 0.393525
-0.0369065 -0.295081 0.406177
-0.0216307 -0.295081 0.41883
-0.357698 -0.279167 0.115326
-0.342422 -0.279167 0.127979
-0.327147 -0.279167 0.140632
-0.311871 -0.279167 0.153285
-0.296595 -0.279167 0.165938
-0.281319 -0.279167 0.178591
-0.266043 -0.279167 0.191244
-0.250768 -0.279167 0.203896
-0.235492 -0.279167 0.216549
-0.220216 -0.279167 0.229202
-0.20494 -0.279167 0.241855
-0.189664 -0.279167 0.254508
-0.174389 -0.279167 0.267161
-0.159113 -0.279167 0.279814
-0.143837 -0.279167 0.292467
-0.128561 -0.279167 0.30512
-0.113285 -0.279167 0.317772
-0.0980097 -0.279167 0.330425
-0.0827339 -0.279167 0.343078
-0.0674581 -0.279167 0.355731
-0.0521823 -0.279167 0.368384
-0.0369065 -0.279167 0.381037
-0.0216307 -0.279167 0.39369
-0.0063549 -0.279167 0.406343
0.00892089 -0.279167 0.418996
-0.357698 -0.263254 0.0901857
-0.342422 -0.263254 0.102839
-0.327147 -0.263254 0.115491
-0.311871 -0.263254 0.128144
-0.296595 -0.263254 0.140797
-0.281319 -0.263254 0.15345
-0.266043 -0.263254 0.166103
-0.250768 -0.263254 0.178756
-0.235492 -0.263254 0.191409
-0.220216 -0.263254 0.204062
-0.20494 -0.263254 0.216715
-0.189664 -0.263254 0.229367
-0.174389 -0.263254 0.24202
-0.159113 -0.263254 0.254673
-0.143837 -0.263254 0.267326
-0.128561 -0.263254 0.279979
-0.113285 -0.263254 0.292632
-0.0980097 -0.263254 0.305285
-0.0827339 -0.263254 0.317938
-0.0674581 -0.263254 0.330591
-0.0521823 -0.263254 0.343243
-0.0369065 -0.263254 0.355896
-0.0216307 -0.263254 0.368549
-0.0063549 -0.263254 0.381202
0.00892089 -0.263254 0.393855
0.0241967 -0.263254 0.406508
0.0394725 -0.263254 0.419161
-0.357698 -0.24734 0.0650452
-0.342422 -0.24734 0.0776981
-0.327147 -0.24734 0.0903509
-0.311871 -0.24734 0.103004
-0.296595 -0.24734 0.115657
-0.281319 -0.24734 0.12831
-0.266043 -0.24734 0.140962
-0.250768 -0.24734 0.153615
-0.235492 -0.24734 0.166268
-0.220216 -0.24734 0.178921
-0.20494 -0.24734 0.191574
-0.189664 -0.24734 0.204227
-0.174389 -0.24734 0.21688
-0.159113 -0.24734 0.229533
-0.143837 -0.24734 0.242186
-0.128561 -0.24734 0.254838
-0.113285 -0.24734 0.267491
-0.0980097 -0.24734 0.280144
-0.0827339 -0.24734 0.292797
-0.0674581 -0.24734 0.30545
-0.0521823 -0.24734 0.318103
-0.0369065 -0.24734 0.330756
-0.0216307 -0.24734 0.343409
-0.0063549 -0.24734 0.356062
0.00892089 -0.24734 0.368714
0.0241967 -0.24734 0.381367
0.0394725 -0.24734 0.39402
0.0547483 -0.24734 0.406673
0.0700241 -0.24734 0.419326
-0.357698 -0.231426 0.0399046
-0.342422 -0.231426 0.0525575
-0.327147 -0.231426 0.0652104
-0.311871 -0.231426 0.0778633
-0.296595 -0.231426 0.0905162
-0.281319 -0.231426 0.103169
-0.266043 -0.231426 0.115822
-0.250768 -0.231426 0.128475
-0.235492 -0.231426 0.141128
-0.220216 -0.231426 0.153781
-0.20494 -0.231426 0.166433
-0.189664 -0.231426 0.179086
-0.174389 -0.231426 0.191739
-0.159113 -0.231426 0.204392
-0.143837 -0.231426 0.217045
-0.128561 -0.231426 0.229698
-0.113285 -0.231426 0.242351
-0.0980097 -0.231426 0.255004
-0.0827339 -0.231426 0.267657
-0.0674581 -0.231426 0.280309
-0.0521823 -0.231426 0.292962
-0.0369065 -0.231426 0.305615
-0.0216307 -0.231426 0.318268
-0.0063549 -0.231426 0.330921
0.00892089 -0.231426 0.343574
0.0241967 -0.231426 0.356227
0.0394725 -0.231426 0.36888
0.0547483 -0.231426 0.381533
0.0700241 -0.231426 0.394185
0.0852999 -0.231426 0.406838
0.100576 -0.231426 0.419491
-0.357698 -0.215513 0.0147641
-0.342422 -0.215513 0.0274169
-0.327147 -0.215513 0.0400698
-0.311871 -0.215513 0.0527227
-0.296595 -0.215513 0.0653756
-0.281319 -0.215513 0.0780285
-0.266043 -0.215513 0.0906814
-0.250768 -0.215513 0.103334
-0.235492 -0.215513 0.115987
-0.220216 -0.215513 0.12864
-0.20494 -0.215513 0.141293
-0.189664 -0.215513 0.153946
-0.174389 -0.215513 0.166599
-0.159113 -0.215513 0.179252
-0.143837 -0.215513 0.191904
-0.128561 -0.215513 0.204557
-0.113285 -0.215513 0.21721
-0.0980097 -0.215513 0.229863
-0.0827339 -0.215513 0.242516
-0.0674581 -0.215513 0.255169
-0.0521823 -0.215513 0.267822
-0.0369065 -0.215513 0.280475
-0.0216307 -0.215513 0.293128
-0.0063549 -0.215513 0.30578
0.00892089 -0.215513 0.318433
0.0241967 -0.215513 0.331086
0.0394725 -0.215513 0.343739
0.0547483 -0.215513 0.356392
0.0700241 -0.215513 0.369045
0.0852999 -0.215513 0.381698
0.100576 -0.215513 0.394351
0.115851 -0.215513 0.407004
0.131127 -0.215513 0.419656
-0.357698 -0.199599 -0.0103765
-0.342422 -0.199599 0.00227639
-0.327147 -0.199599 0.0149293
-0.311871 -0.199599 0.0275822
-0.296595 -0.199599 0.040235
-0.281319 -0.199599 0.0528879
-0.266043 -0.199599 0.0655408
-0.250768 -0.199599 0.0781937
-0.235492 -0.199599 0.0908466
-0.220216 -0.199599 0.103499
-0.20494 -0.199599 0.116152
-0.189664 -0.199599 0.128805
-0.174389 -0.199599 0.141458
-0.159113 -0.199599 0.154111
-0.143837 -0.199599 0.166764
-0.128561 -0.199599 0.179417
-0.113285 -0.199599 0.19207
-0.0980097 -0.199599 0.204723
-0.0827339 -0.199599 0.217375
-0.0674581 -0.199599 0.230028
-0.0521823 -0.199599 0.242681
-0.0369065 -0.199599 0.255334
-0.0216307 -0.199599 0.267987
-0.0063549 -0.199599 0.28064
0.00892089 -0.199599 0.293293
0.0241967 -0.199599 0.305946
0.0394725 -0.199599 0.318599
0.0547483 -0.199599 0.331251
0.0700241 -0.199599 0.343904
0.0852999 -0.199599 0.356557
0.100576 -0.199599 0.36921
0.115851 -0.199599 0.381863
0.131127 -0.199599 0.394516
0.146403 -0.199599 0.407169
0.161679 -0.199599 0.419822
-0.357698 -0.183685 -0.035517
-0.342422 -0.183685 -0.0228642
-0.327147 -0.183685 -0.0102113
-0.311871 -0.183685 0.00244161
-0.296595 -0.183685 0.0150945
-0.281319 -0.183685 0.0277474
-0.266043 -0.183685 0.0404003
-0.250768 -0.183685 0.0530532
-0.235492 -0.183685 0.065706
-0.220216 -0.183685 0.0783589
-0.20494 -0.183685 0.0910118
-0.189664 -0.183685 0.103665
-0.174389 -0.183685 0.116318
-0.159113 -0.183685 0.12897
-0.143837 -0.183685 0.141623
-0.128561 -0.183685 0.154276
-0.113285 -0.183685 0.166929
-0.0980097 -0.183685 0.179582
-0.0827339 -0.183685 0.192235
-0.0674581 -0.183685 0.204888
-0.0521823 -0.183685 0.217541
-0.0369065 -0.183685 0.230194
-0.0216307 -0.183685 0.242846
-0.0063549 -0.183685 0.255499
0.00892089 -0.183685 0.268152
0.0241967 -0.183685 0.280805
0.0394725 -0.183685 0.293458
0.0547483 -0.183685 0.306111
0.0700241 -0.183685 0.318764
0.0852999 -0.183685 0.331417
0.100576 -0.183685 0.34407
0.115851 -0.183685 0.356722
0.131127 -0.183685 0.369375
0.146403 -0.183685 0.382028
0.161679 -0.183685 0.394681
0.176955 -0.183685 0.407334
0.19223 -0.183685 0.419987
-0.357698 -0.167771 -0.0606576
-0.342422 -0.167771 -0.0480047
-0.327147 -0.167771 -0.0353518
-0.311871 -0.167771 -0.0226989
-0.296595 -0.167771 -0.0100461
-0.281319 -0.167771 0.00260682
-0.266043 -0.167771 0.0152597
-0.250768 -0.167771 0.0279126
-0.235492 -0.167771 0.0405655
-0.220216 -0.167771 0.0532184
-0.20494 -0.167771 0.0658713
-0.189664 -0.167771 0.0785241
-0.174389 -0.167771 0.091177
-0.159113 -0.167771 0.10383
-0.143837 -0.167771 0.116483
-0.128561 -0.167771 0.129136
-0.113285 -0.167771 0.141789
-0.0980097 -0.167771 0.154441
-0.0827339 -0.167771 0.167094
-0.0674581 -0.167771 0.179747
-0.0521823 -0.167771 0.1924
-0.0369065 -0.167771 0.205053
-0.0216307 -0.167771 0.217706
-0.0063549 -0.167771 0.230359
0.00892089 -0.167771 0.243012
0.0241967 -0.167771 0.255665
0.0394725 -0.167771 0.268317
0.0547483 -0.167771 0.28097
0.0700241 -0.167771 0.293623
0.0852999 -0.167771 0.306276
0.100576 -0.167771 0.318929
0.115851 -0.167771 0.331582
0.131127 -0.167771 0.344235
0.146403 -0.167771 0.356888
0.161679 -0.167771 0.369541
0.176955 -0.167771 0.382193
0.19223 -0.167771 0.394846
0.207506 -0.167771 0.407499
-0.357698 -0.151858 -0.0857982
-0.342422 -0.151858 -0.0731453
-0.327147 -0.151858 -0.0604924
-0.311871 -0.151858 -0.0478395
-0.296595 -0.151858 -0.0351866
-0.281319 -0.151858 -0.0225337
-0.266043 -0.151858 -0.00988084
-0.250768 -0.151858 0.00277204
-0.235492 -0.151858 0.0154249
-0.220216 -0.151858 0.0280778
-0.20494 -0.151858 0.0407307
-0.189664 -0.151858 0.0533836
-0.174389 -0.151858 0.0660365
-0.159113 -0.151858 0.0786894
-0.143837 -0.151858 0.0913422
-0.128561 -0.151858 0.103995
-0.113285 -0.151858 0.116648
-0.0980097 -0.151858 0.129301
-0.0827339 -0.151858 0.141954
-0.0674581 -0.151858 0.154607
-0.0521823 -0.151858 0.16726
-0.0369065 -0.151858 0.179912
-0.0216307 -0.151858 0.192565
-0.0063549 -0.151858 0.205218
0.00892089 -0.151858 0.217871
0.0241967 -0.151858 0.230524
0.0394725 -0.151858 0.243177
0.0547483 -0.151858 0.25583
0.0700241 -0.151858 0.268483
0.0852999 -0.151858 0.281136
0.100576 -0.151858 0.293788
0.115851 -0.151858 0.306441
0.131127 -0.151858 0.319094
0.146403 -0.151858 0.331747
0.161679 -0.151858 0.3444
0.176955 -0.151858 0.357053
0.19223 -0.151858 0.369706
0.207506 -0.151858 0.382359
0.222782 -0.151858 0.395012
0.238058 -0.151858 0.407664
-0.357698 -0.135944 -0.110939
-0.342422 -0.135944 -0.0982858
-0.327147 -0.135944 -0.0856329
-0.311871 -0.135944 -0.0729801
-0.296595 -0.135944 -0.0603272
-0.281319 -0.135944 -0.0476743
-0.266043 -0.135944 -0.0350214
-0.250768 -0.135944 -0.0223685
-0.235492 -0.135944 -0.00971563
-0.220216 -0.135944 0.00293726
-0.20494 -0.135944 0.0155901
-0.189664 -0.135944 0.028243
-0.174389 -0.135944 0.0408959
-0.159113 -0.135944 0.0535488
-0.143837 -0.135944 0.0662017
-0.128561 -0.135944 0.0788546
-0.113285 -0.135944 0.0915075
-0.0980097 -0.135944 0.10416
-0.0827339 -0.135944 0.116813
-0.0674581 -0.135944 0.129466
-0.0521823 -0.135944 0.142119
-0.0369065 -0.135944 0.154772
-0.0216307 -0.135944 0.167425
-0.0063549 -0.135944 0.180078
0.00892089 -0.135944 0.192731
0.0241967 -0.135944 0.205383
0.0394725 -0.135944 0.218036
0.0547483 -0.135944 0.230689
0.0700241 -0.135944 0.243342
0.0852999 -0.135944 0.255995
0.100576 -0.135944 0.268648
0.115851 -0.135944 0.281301
0.131127 -0.135944 0.293954
0.146403 -0.135944 0.306607
0.161679 -0.135944 0.319259
0.176955 -0.135944 0.331912
0.19223 -0.135944 0.344565
0.207506 -0.135944 0.357218
0.222782 -0.135944 0.369871
0.238058 -0.135944 0.382524
0.253334 -0.135944 0.395177
0.268609 -0.135944 0.40783
-0.357698 -0.12003 -0.136079
-0.342422 -0.12003 -0.123426
-0.327147 -0.12003 -0.110773
-0.311871 -0.12003 -0.0981206
-0.296595 -0.12003 -0.0854677
-0.281319 -0.12003 -0.0728148
-0.266043 -0.12003 -0.060162
-0.250768 -0.12003 -0.0475091
-0.235492 -0.12003 -0.0348562
-0.220216 -0.12003 -0.0222033
-0.20494 -0.12003 -0.00955041
-0.189664 -0.12003 0.00310247
-0.174389 -0.12003 0.0157554
-0.159113 -0.12003 0.0284082
-0.143837 -0.12003 0.0410611
-0.128561 -0.12003 0.053714
-0.113285 -0.12003 0.0663669
-0.0980097 -0.12003 0.0790198
-0.0827339 -0.12003 0.0916727
-0.0674581 -0.12003 0.104326
-0.0521823 -0.12003 0.116978
-0.0369065 -0.12003 0.129631
-0.0216307 -0.12003 0.142284
-0.0063549 -0.12003 0.154937
0.00892089 -0.12003 0.16759
0.0241967 -0.12003 0.180243
0.0394725 -0.12003 0.192896
0.0547483 -0.12003 0.205549
0.0700241 -0.12003 0.218202
0.0852999 -0.12003 0.230854
0.100576 -0.12003 0.243507
0.115851 -0.12003 0.25616
0.131127 -0.12003 0.268813
0.146403 -0.12003 0.281466
0.161679 -0.12003 0.294119
0.176955 -0.12003 0.306772
0.19223 -0.12003 0.319425
0.207506 -0.12003 0.332078
0.222782 -0.12003 0.34473
0.238058 -0.12003 0.357383
0.253334 -0.12003 0.370036
0.268609 -0.12003 0.382689
0.283885 -0.12003 0.395342
0.299161 -0.12003 0.407995
-0.357698 -0.104117 -0.16122
-0.342422 -0.104117 -0.148567
-0.327147 -0.104117 -0.135914
-0.311871 -0.104117 -0.123261
-0.296595 -0.104117 -0.110608
-0.281319 -0.104117 -0.0979554
-0.266043 -0.104117 -0.0853025
-0.250768 -0.104117 -0.0726496
-0.235492 -0.104117 -0.0599967
-0.220216 -0.104117 -0.0473439
-0.20494 -0.104117 -0.034691
-0.189664 -0.104117 -0.0220381
-0.174389 -0.104117 -0.00938519
-0.159113 -0.104117 0.00326769
-0.143837 -0.104117 0.0159206
-0.128561 -0.104117 0.0285735
-0.113285 -0.104117 0.0412263
-0.0980097 -0.104117 0.0538792
-0.0827339 -0.104117 0.0665321
-0.0674581 -0.104117 0.079185
-0.0521823 -0.104117 0.0918379
-0.0369065 -0.104117 0.104491
-0.0216307 -0.104117 0.117144
-0.0063549 -0.104117 0.129797
0.00892089 -0.104117 0.142449
0.0241967 -0.104117 0.155102
0.0394725 -0.104117 0.167755
0.0547483 -0.104117 0.180408
0.0700241 -0.104117 0.193061
0.0852999 -0.104117 0.205714
0.100576 -0.104117 0.218367
0.115851 -0.104117 0.23102
0.131127 -0.104117 0.243673
0.146403 -0.104117 0.256325
0.161679 -0.104117 0.268978
0.176955 -0.104117 0.281631
0.19223 -0.104117 0.294284
0.207506 -0.104117 0.306937
0.222782 -0.104117 0.31959
0.238058 -0.104117 0.332243
0.253334 -0.104117 0.344896
0.268609 -0.104117 0.357548
0.283885 -0.104117 0.370201
0.299161 -0.104117 0.382854
0.314437 -0.104117 0.395507
0.329713 -0.104117 0.40816
-0.357698 -0.0882028 -0.18636
-0.342422 -0.0882028 -0.173707
-0.327147 -0.0882028 -0.161055
-0.311871 -0.0882028 -0.148402
-0.296595 -0.0882028 -0.135749
-0.281319 -0.0882028 -0.123096
-0.266043 -0.0882028 -0.110443
-0.250768 -0.0882028 -0.0977902
-0.235492 -0.0882028 -0.0851373
-0.220216 -0.0882028 -0.0724844
-0.20494 -0.0882028 -0.0598315
-0.189664 -0.0882028 -0.0471786
-0.174389 -0.0882028 -0.0345257
-0.159113 -0.0882028 -0.0218729
-0.143837 -0.0882028 -0.00921998
-0.128561 -0.0882028 0.00343291
-0.113285 -0.0882028 0.0160858
-0.0980097 -0.0882028 0.0287387
-0.0827339 -0.0882028 0.0413916
-0.0674581 -0.0882028 0.0540445
-0.0521823 -0.0882028 0.0666973
-0.0369065 -0.0882028 0.0793502
-0.0216307 -0.0882028 0.0920031
-0.0063549 -0.0882028 0.104656
0.00892089 -0.0882028 0.117309
0.0241967 -0.0882028 0.129962
0.0394725 -0.0882028 0.142615
0.0547483 -0.0882028 0.155268
0.0700241 -0.0882028 0.16792
0.0852999 -0.0882028 0.180573
0.100576 -0.0882028 0.193226
0.115851 -0.0882028 0.205879
0.131127 -0.0882028 0.218532
0.146403 -0.0882028 0.231185
0.161679 -0.0882028 0.243838
0.176955 -0.0882028 0.256491
0.19223 -0.0882028 0.269144
0.207506 -0.0882028 0.281796
0.222782 -0.0882028 0.294449
0.238058 -0.0882028 0.307102
0.253334 -0.0882028 0.319755
0.268609 -0.0882028 0.332408
0.283885 -0.0882028 0.345061
0.299161 -0.0882028 0.357714
0.314437 -0.0882028 0.370367
0.329713 -0.0882028 0.383019
0.344988 -0.0882028 0.395672
0.360264 -0.0882028 0.408325
-0.357698 -0.0722891 -0.211501
-0.342422 -0.0722891 -0.198848
-0.327147 -0.0722891 -0.186195
-0.311871 -0.0722891 -0.173542
-0.296595 -0.0722891 -0.160889
-0.281319 -0.0722891 -0.148237
-0.266043 -0.0722891 -0.135584
-0.250768 -0.0722891 -0.122931
-0.235492 -0.0722891 -0.110278
-0.220216 -0.0722891 -0.097625
-0.20494 -0.0722891 -0.0849721
-0.189664 -0.0722891 -0.0723192
-0.174389 -0.0722891 -0.0596663
-0.159113 -0.0722891 -0.0470134
-0.143837 -0.0722891 -0.0343605
-0.128561 -0.0722891 -0.0217076
-0.113285 -0.0722891 -0.00905476
-0.0980097 -0.0722891 0.00359812
-0.0827339 -0.0722891 0.016251
-0.0674581 -0.0722891 0.0289039
-0.0521823 -0.0722891 0.0415568
-0.0369065 -0.0722891 0.0542097
-0.0216307 -0.0722891 0.0668626
-0.0063549 -0.0722891 0.0795154
0.00892089 -0.0722891 0.0921683
0.0241967 -0.0722891 0.104821
0.0394725 -0.0722891 0.117474
0.0547483 -0.0722891 0.130127
0.0700241 -0.0722891 0.14278
0.0852999 -0.0722891 0.155433
0.100576 -0.0722891 0.168086
0.115851 -0.0722891 0.180739
0.131127 -0.0722891 0.193391
0.146403 -0.0722891 0.206044
0.161679 -0.0722891 0.218697
0.176955 -0.0722891 0.23135
0.19223 -0.0722891 0.244003
0.207506 -0.0722891 0.256656
0.222782 -0.0722891 0.269309
0.238058 -0.0722891 0.281962
0.253334 -0.0722891 0.294614
0.268609 -0.0722891 0.307267
0.283885 -0.0722891 0.31992
0.299161 -0.0722891 0.332573
0.314437 -0.0722891 0.345226
0.329713 -0.0722891 0.357879
0.344988 -0.0722891 0.370532
0.360264 -0.0722891 0.383185
0.37554 -0.0722891 0.395838
0.390816 -0.0722891 0.40849
-0.357698 -0.0563754 -0.236641
-0.342422 -0.0563754 -0.223989
-0.327147 -0.0563754 -0.211336
-0.311871 -0.0563754 -0.198683
-0.296595 -0.0563754 -0.18603
-0.281319 -0.0563754 -0.173377
-0.266043 -0.0563754 -0.160724
-0.250768 -0.0563754 -0.148071
-0.235492 -0.0563754 -0.135418
-0.220216 -0.0563754 -0.122766
-0.20494 -0.0563754 -0.110113
-0.189664 -0.0563754 -0.0974597
-0.174389 -0.0563754 -0.0848069
-0.159113 -0.0563754 -0.072154
-0.143837 -0.0563754 -0.0595011
-0.128561 -0.0563754 -0.0468482
-0.113285 -0.0563754 -0.0341953
-0.0980097 -0.0563754 -0.0215424
-0.0827339 -0.0563754 -0.00888954
-0.0674581 -0.0563754 0.00376334
-0.0521823 -0.0563754 0.0164162
-0.0369065 -0.0563754 0.0290691
-0.0216307 -0.0563754 0.041722
-0.0063549 -0.0563754 0.0543749
0.00892089 -0.0563754 0.0670278
0.0241967 -0.0563754 0.0796807
0.0394725 -0.0563754 0.0923335
0.0547483 -0.0563754 0.104986
0.0700241 -0.0563754 0.117639
0.0852999 -0.0563754 0.130292
0.100576 -0.0563754 0.142945
0.115851 -0.0563754 0.155598
0.131127 -0.0563754 0.168251
0.146403 -0.0563754 0.180904
0.161679 -0.0563754 0.193557
0.176955 -0.0563754 0.20621
0.19223 -0.0563754 0.218862
0.207506 -0.0563754 0.231515
0.222782 -0.0563754 0.244168
0.238058 -0.0563754 0.256821
0.253334 -0.0563754 0.269474
0.268609 -0.0563754 0.282127
0.283885 -0.0563754 0.29478
0.299161 -0.0563754 0.307433
0.314437 -0.0563754 0.320085
0.329713 -0.0563754 0.332738
0.344988 -0.0563754 0.345391
0.360264 -0.0563754 0.358044
0.37554 -0.0563754 0.370697
0.390816 -0.0563754 0.38335
-0.357698 -0.0404617 -0.261782
-0.342422 -0.0404617 -0.249129
-0.327147 -0.0404617 -0.236476
-0.311871 -0.0404617 -0.223823
-0.296595 -0.0404617 -0.211171
-0.281319 -0.0404617 -0.198518
-0.266043 -0.0404617 -0.185865
-0.250768 -0.0404617 -0.173212
-0.235492 -0.0404617 -0.160559
-0.220216 -0.0404617 -0.147906
-0.20494 -0.0404617 -0.135253
-0.189664 -0.0404617 -0.1226
-0.174389 -0.0404617 -0.109947
-0.159113 -0.0404617 -0.0972945
-0.143837 -0.0404617 -0.0846416
-0.128561 -0.0404617 -0.0719888
-0.113285 -0.0404617 -0.0593359
-0.0980097 -0.0404617 -0.046683
-0.0827339 -0.0404617 -0.0340301
-0.0674581 -0.0404617 -0.0213772
-0.0521823 -0.0404617 -0.00872433
-0.0369065 -0.0404617 0.00392856
-0.0216307 -0.0404617 0.0165814
-0.0063549 -0.0404617 0.0292343
0.00892089 -0.0404617 0.0418872
0.0241967 -0.0404617 0.0545401
0.0394725 -0.0404617 0.067193
0.0547483 -0.0404617 0.0798459
0.0700241 -0.0404617 0.0924988
0.0852999 -0.0404617 0.105152
0.100576 -0.0404617 0.117805
0.115851 -0.0404617 0.130457
0.131127 -0.0404617 0.14311
0.146403 -0.0404617 0.155763
0.161679 -0.0404617 0.168416
0.176955 -0.0404617 0.181069
0.19223 -0.0404617 0.193722
0.207506 -0.0404617 0.206375
0.222782 -0.0404617 0.219028
0.238058 -0.0404617 0.231681
0.253334 -0.0404617 0.244333
0.268609 -0.0404617 0.256986
0.283885 -0.0404617 0.269639
0.299161 -0.0404617 0.282292
0.314437 -0.0404617 0.294945
0.329713 -0.0404617 0.307598
0.344988 -0.0404617 0.320251
0.360264 -0.0404617 0.332904
0.37554 -0.0404617 0.345556
0.390816 -0.0404617 0.358209
-0.357698 -0.0245479 -0.286923
-0.342422 -0.0245479 -0.27427
-0.327147 -0.0245479 -0.261617
-0.311871 -0.0245479 -0.248964
-0.296595 -0.0245479 -0.236311
-0.281319 -0.0245479 -0.223658
-0.266043 -0.0245479 -0.211005
-0.250768 -0.0245479 -0.198352
-0.235492 -0.0245479 -0.1857
-0.220216 -0.0245479 -0.173047
-0.20494 -0.0245479 -0.160394
-0.189664 -0.0245479 -0.147741
-0.174389 -0.0245479 -0.135088
-0.159113 -0.0245479 -0.122435
-0.143837 -0.0245479 -0.109782
-0.128561 -0.0245479 -0.0971293
-0.113285 -0.0245479 -0.0844764
-0.0980097 -0.0245479 -0.0718235
-0.0827339 -0.0245479 -0.0591707
-0.0674581 -0.0245479 -0.0465178
-0.0521823 -0.0245479 -0.0338649
-0.0369065 -0.0245479 -0.021212
-0.0216307 -0.0245479 -0.00855911
-0.0063549 -0.0245479 0.00409377
0.00892089 -0.0245479 0.0167467
0.0241967 -0.0245479 0.0293995
0.0394725 -0.0245479 0.0420524
0.0547483 -0.0245479 0.0547053
0.0700241 -0.0245479 0.0673582
0.0852999 -0.0245479 0.0800111
0.100576 -0.0245479 0.092664
0.115851 -0.0245479 0.105317
0.131127 -0.0245479 0.11797
0.146403 -0.0245479 0.130623
0.161679 -0.0245479 0.143276
0.176955 -0.0245479 0.155928
0.19223 -0.0245479 0.168581
0.207506 -0.0245479 0.181234
0.222782 -0.0245479 0.193887
0.238058 -0.0245479 0.20654
0.253334 -0.0245479 0.219193
0.268609 -0.0245479 0.231846
0.283885 -0.0245479 0.244499
0.299161 -0.0245479 0.257151
0.314437 -0.0245479 0.269804
0.329713 -0.0245479 0.282457
0.344988 -0.0245479 0.29511
0.360264 -0.0245479 0.307763
0.37554 -0.0245479 0.320416
0.390816 -0.0245479 0.333069
-0.357698 -0.00863422 -0.312063
-0.342422 -0.00863422 -0.29941
-0.327147 -0.00863422 -0.286757
-0.311871 -0.00863422 -0.274104
-0.296595 -0.00863422 -0.261452
-0.281319 -0.00863422 -0.248799
-0.266043 -0.00863422 -0.236146
-0.250768 -0.00863422 -0.223493
-0.235492 -0.00863422 -0.21084
-0.220216 -0.00863422 -0.198187
-0.20494 -0.00863422 -0.185534
-0.189664 -0.00863422 -0.172881
-0.174389 -0.00863422 -0.160229
-0.159113 -0.00863422 -0.147576
-0.143837 -0.00863422 -0.134923
-0.128561 -0.00863422 -0.12227
-0.113285 -0.00863422 -0.109617
-0.0980097 -0.00863422 -0.0969641
-0.0827339 -0.00863422 -0.0843112
-0.0674581 -0.00863422 -0.0716583
-0.0521823 -0.00863422 -0.0590054
-0.0369065 -0.00863422 -0.0463526
-0.0216307 -0.00863422 -0.0336997
-0.0063549 -0.00863422 -0.0210468
0.00892089 -0.00863422 -0.00839389
0.0241967 -0.00863422 0.00425899
0.0394725 -0.00863422 0.0169119
0.0547483 -0.00863422 0.0295648
0.0700241 -0.00863422 0.0422176
0.0852999 -0.00863422 0.0548705
0.100576 -0.00863422 0.0675234
0.115851 -0.00863422 0.0801763
0.131127 -0.00863422 0.0928292
0.146403 -0.00863422 0.105482
0.161679 -0.00863422 0.118135
0.176955 -0.00863422 0.130788
0.19223 -0.00863422 0.143441
0.207506 -0.00863422 0.156094
0.222782 -0.00863422 0.168747
0.238058 -0.00863422 0.181399
0.253334 -0.00863422 0.194052
0.268609 -0.00863422 0.206705
0.283885 -0.00863422 0.219358
0.299161 -0.00863422 0.232011
0.314437 -0.00863422 0.244664
0.329713 -0.00863422 0.257317
0.344988 -0.00863422 0.26997
0.360264 -0.00863422 0.282622
0.37554 -0.00863422 0.295275
0.390816 -0.00863422 0.307928
-0.357698 0.00727949 -0.337204
-0.342422 0.00727949 -0.324551
-0.327147 0.00727949 -0.311898
-0.311871 0.00727949 -0.299245
-0.296595 0.00727949 -0.286592
-0.281319 0.00727949 -0.273939
-0.266043 0.00727949 -0.261286
-0.250768 0.00727949 -0.248634
-0.235492 0.00727949 -0.235981
-0.220216 0.00727949 -0.223328
-0.20494 0.00727949 -0.210675
-0.189664 0.00727949 -0.198022
-0.174389 0.00727949 -0.185369
-0.159113 0.00727949 -0.172716
-0.143837 0.00727949 -0.160063
-0.128561 0.00727949 -0.14741
-0.113285 0.00727949 -0.134758
-0.0980097 0.00727949 -0.122105
-0.0827339 0.00727949 -0.109452
-0.0674581 0.00727949 -0.0967989
-0.0521823 0.00727949 -0.084146
-0.0369065 0.00727949 -0.0714931
-0.0216307 0.00727949 -0.0588402
-0.0063549 0.00727949 -0.0461873
0.00892089 0.00727949 -0.0335344
0.0241967 0.00727949 -0.0208816
0.0394725 0.00727949 -0.00822868
0.0547483 0.00727949 0.00442421
0.0700241 0.00727949 0.0170771
0.0852999 0.00727949 0.02973
0.100576 0.00727949 0.0423829
0.115851 0.00727949 0.0550358
0.131127 0.00727949 0.0676886
0.146403 0.00727949 0.0803415
0.161679 0.00727949 0.0929944
0.176955 0.00727949 0.105647
0.19223 0.00727949 0.1183
0.207506 0.00727949 0.130953
0.222782 0.00727949 0.143606
0.238058 0.00727949 0.156259
0.253334 0.00727949 0.168912
0.268609 0.00727949 0.181565
0.283885 0.00727949 0.194217
0.299161 0.00727949 0.20687
0.314437 0.00727949 0.219523
0.329713 0.00727949 0.232176
0.344988 0.00727949 0.244829
0.360264 0.00727949 0.257482
0.37554 0.00727949 0.270135
0.390816 0.00727949 0.282788
-0.357698 0.0231932 -0.362344
-0.342422 0.0231932 -0.349691
-0.327147 0.0231932 -0.337038
-0.311871 0.0231932 -0.324386
-0.296595 0.0231932 -0.311733
-0.281319 0.0231932 -0.29908
-0.266043 0.0231932 -0.286427
-0.250768 0.0231932 -0.273774
-0.235492 0.0231932 -0.261121
-0.220216 0.0231932 -0.248468
-0.20494 0.0231932 -0.235815
-0.189664 0.0231932 -0.223163
-0.174389 0.0231932 -0.21051
-0.159113 0.0231932 -0.197857
-0.143837 0.0231932 -0.185204
-0.128561 0.0231932 -0.172551
-0.113285 0.0231932 -0.159898
-0.0980097 0.0231932 -0.147245
-0.0827339 0.0231932 -0.134592
-0.0674581 0.0231932 -0.121939
-0.0521823 0.0231932 -0.109287
-0.0369065 0.0231932 -0.0966337
-0.0216307 0.0231932 -0.0839808
-0.0063549 0.0231932 -0.0713279
0.00892089 0.0231932 -0.058675
0.0241967 0.0231932 -0.0460221
0.0394725 0.0231932 -0.0333692
0.0547483 0.0231932 -0.0207163
0.0700241 0.0231932 -0.00806346
0.0852999 0.0231932 0.00458942
0.100576 0.0231932 0.0172423
0.115851 0.0231932 0.0298952
0.131127 0.0231932 0.0425481
0.146403 0.0231932 0.055201
0.161679 0.0231932 0.0678539
0.176955 0.0231932 0.0805067
0.19223 0.0231932 0.0931596
0.207506 0.0231932 0.105813
0.222782 0.0231932 0.118465
0.238058 0.0231932 0.131118
0.253334 0.0231932 0.143771
0.268609 0.0231932 0.156424
0.283885 0.0231932 0.169077
0.299161 0.0231932 0.18173
0.314437 0.0231932 0.194383
0.329713 0.0231932 0.207036
0.344988 0.0231932 0.219688
0.360264 0.0231932 0.232341
0.37554 0.0231932 0.244994
0.390816 0.0231932 0.257647
-0.357698 0.0391069 -0.387485
-0.342422 0.0391069 -0.374832
-0.327147 0.0391069 -0.362179
-0.311871 0.0391069 -0.349526
-0.296595 0.0391069 -0.336873
-0.281319 0.0391069 -0.32422
-0.266043 0.0391069 -0.311568
-0.250768 0.0391069 -0.298915
-0.235492 0.0391069 -0.286262
-0.220216 0.0391069 -0.273609
-0.20494 0.0391069 -0.260956
-0.189664 0.0391069 -0.248303
-0.174389 0.0391069 -0.23565
-0.159113 0.0391069 -0.222997
-0.143837 0.0391069 -0.210344
-0.128561 0.0391069 -0.197692
-0.113285 0.0391069 -0.185039
-0.0980097 0.0391069 -0.172386
-0.0827339 0.0391069 -0.159733
-0.0674581 0.0391069 -0.14708
-0.0521823 0.0391069 -0.134427
-0.0369065 0.0391069 -0.121774
-0.0216307 0.0391069 -0.109121
-0.0063549 0.0391069 -0.0964684
0.00892089 0.0391069 -0.0838156
0.0241967 0.0391069 -0.0711627
0.0394725 0.0391069 -0.0585098
0.0547483 0.0391069 -0.0458569
0.0700241 0.0391069 -0.033204
0.0852999 0.0391069 -0.0205511
0.100576 0.0391069 -0.00789824
0.115851 0.0391069 0.00475464
0.131127 0.0391069 0.0174075
0.146403 0.0391069 0.0300604
0.161679 0.0391069 0.0427133
0.176955 0.0391069 0.0553662
0.19223 0.0391069 0.0680191
0.207506 0.0391069 0.080672
0.222782 0.0391069 0.0933248
0.238058 0.0391069 0.105978
0.253334 0.0391069 0.118631
0.268609 0.0391069 0.131283
0.283885 0.0391069 0.143936
0.299161 0.0391069 0.156589
0.314437 0.0391069 0.169242
0.329713 0.0391069 0.181895
0.344988 0.0391069 0.194548
0.360264 0.0391069 0.207201
0.37554 0.0391069 0.219854
0.390816 0.0391069 0.232507
-0.357698 0.0550206 -0.412625
-0.342422 0.0550206 -0.399972
-0.327147 0.0550206 -0.38732
-0.311871 0.0550206 -0.374667
-0.296595 0.0550206 -0.362014
-0.281319 0.0550206 -0.349361
-0.266043 0.0550206 -0.336708
-0.250768 0.0550206 -0.324055
-0.235492 0.0550206 -0.311402
-0.220216 0.0550206 -0.298749
-0.20494 0.0550206 -0.286097
-0.189664 0.0550206 -0.273444
-0.174389 0.0550206 -0.260791
-0.159113 0.0550206 -0.248138
-0.143837 0.0550206 -0.235485
-0.128561 0.0550206 -0.222832
-0.113285 0.0550206 -0.210179
-0.0980097 0.0550206 -0.197526
-0.0827339 0.0550206 -0.184873
-0.0674581 0.0550206 -0.172221
-0.0521823 0.0550206 -0.159568
-0.0369065 0.0550206 -0.146915
-0.0216307 0.0550206 -0.134262
-0.0063549 0.0550206 -0.121609
0.00892089 0.0550206 -0.108956
0.0241967 0.0550206 -0.0963032
0.0394725 0.0550206 -0.0836503
0.0547483 0.0550206 -0.0709975
0.0700241 0.0550206 -0.0583446
0.0852999 0.0550206 -0.0456917
0.100576 0.0550206 -0.0330388
0.115851 0.0550206 -0.0203859
0.131127 0.0550206 -0.00773303
0.146403 0.0550206 0.00491986
0.161679 0.0550206 0.0175727
0.176955 0.0550206 0.0302256
0.19223 0.0550206 0.0428785
0.207506 0.0550206 0.0555314
0.222782 0.0550206 0.0681843
0.238058 0.0550206 0.0808372
0.253334 0.0550206 0.0934901
0.268609 0.0550206 0.106143
0.283885 0.0550206 0.118796
0.299161 0.0550206 0.131449
0.314437 0.0550206 0.144102
0.329713 0.0550206 0.156754
0.344988 0.0550206 0.169407
0.360264 0.0550206 0.18206
0.37554 0.0550206 0.194713
0.390816 0.0550206 0.207366
-0.342422 0.0709344 -0.425113
-0.327147 0.0709344 -0.41246
-0.311871 0.0709344 -0.399807
-0.296595 0.0709344 -0.387154
-0.281319 0.0709344 -0.374502
-0.266043 0.0709344 -0.361849
-0.250768 0.0709344 -0.349196
-0.235492 0.0709344 -0.336543
-0.220216 0.0709344 -0.32389
-0.20494 0.0709344 -0.311237
-0.189664 0.0709344 -0.298584
-0.174389 0.0709344 -0.285931
-0.159113 0.0709344 -0.273278
-0.143837 0.0709344 -0.260626
-0.128561 0.0709344 -0.247973
-0.113285 0.0709344 -0.23532
-0.0980097 0.0709344 -0.222667
-0.0827339 0.0709344 -0.210014
-0.0674581 0.0709344 -0.197361
-0.0521823 0.0709344 -0.184708
-0.0369065 0.0709344 -0.172055
-0.0216307 0.0709344 -0.159402
-0.0063549 0.0709344 -0.14675
0.00892089 0.0709344 -0.134097
0.0241967 0.0709344 -0.121444
0.0394725 0.0709344 -0.108791
0.0547483 0.0709344 -0.096138
0.0700241 0.0709344 -0.0834851
0.0852999 0.0709344 -0.0708322
0.100576 0.0709344 -0.0581794
0.115851 0.0709344 -0.0455265
0.131127 0.0709344 -0.0328736
0.146403 0.0709344 -0.0202207
0.161679 0.0709344 -0.00756781
0.176955 0.0709344 0.00508507
0.19223 0.0709344 0.017738
0.207506 0.0709344 0.0303908
0.222782 0.0709344 0.0430437
0.238058 0.0709344 0.0556966
0.253334 0.0709344 0.0683495
0.268609 0.0709344 0.0810024
0.283885 0.0709344 0.0936553
0.299161 0.0709344 0.106308
0.314437 0.0709344 0.118961
0.329713 0.0709344 0.131614
0.344988 0.0709344 0.144267
0.360264 0.0709344 0.15692
0.37554 0.0709344 0.169573
0.390816 0.0709344 0.182225
-0.311871 0.0868481 -0.424948
-0.296595 0.0868481 -0.412295
-0.281319 0.0868481 -0.399642
-0.266043 0.0868481 -0.386989
-0.250768 0.0868481 -0.374336
-0.235492 0.0868481 -0.361683
-0.220216 0.0868481 -0.349031
-0.20494 0.0868481 -0.336378
-0.189664 0.0868481 -0.323725
-0.174389 0.0868481 -0.311072
-0.159113 0.0868481 -0.298419
-0.143837 0.0868481 -0.285766
-0.128561 0.0868481 -0.273113
-0.113285 0.0868481 -0.26046
-0.0980097 0.0868481 -0.247807
-0.0827339 0.0868481 -0.235155
-0.0674581 0.0868481 -0.222502
-0.0521823 0.0868481 -0.209849
-0.0369065 0.0868481 -0.197196
-0.0216307 0.0868481 -0.184543
-0.0063549 0.0868481 -0.17189
0.00892089 0.0868481 -0.159237
0.0241967 0.0868481 -0.146584
0.0394725 0.0868481 -0.133931
0.0547483 0.0868481 -0.121279
0.0700241 0.0868481 -0.108626
0.0852999 0.0868481 -0.0959728
0.100576 0.0868481 -0.0833199
0.115851 0.0868481 -0.070667
0.131127 0.0868481 -0.0580141
0.146403 0.0868481 -0.0453613
0.161679 0.0868481 -0.0327084
0.176955 0.0868481 -0.0200555
0.19223 0.0868481 -0.00740259
0.207506 0.0868481 0.00525029
0.222782 0.0868481 0.0179032
0.238058 0.0868481 0.0305561
0.253334 0.0868481 0.0432089
0.268609 0.0868481 0.0558618
0.283885 0.0868481 0.0685147
0.299161 0.0868481 0.0811676
0.314437 0.0868481 0.0938205
0.329713 0.0868481 0.106473
0.344988 0.0868481 0.119126
0.360264 0.0868481 0.131779
0.37554 0.0868481 0.144432
0.390816 0.0868481 0.157085
-0.281319 0.102762 -0.424783
-0.266043 0.102762 -0.41213
-0.250768 0.102762 -0.399477
-0.235492 0.102762 -0.386824
-0.220216 0.102762 -0.374171
-0.20494 0.102762 -0.361518
-0.189664 0.102762 -0.348865
-0.174389 0.102762 -0.336212
-0.159113 0.102762 -0.32356
-0.143837 0.102762 -0.310907
-0.128561 0.102762 -0.298254
-0.113285 0.102762 -0.285601
-0.0980097 0.102762 -0.272948
-0.0827339 0.102762 -0.260295
-0.0674581 0.102762 -0.247642
-0.0521823 0.102762 -0.234989
-0.0369065 0.102762 -0.222336
-0.0216307 0.102762 -0.209684
-0.0063549 0.102762 -0.197031
0.00892089 0.102762 -0.184378
0.0241967 0.102762 -0.171725
0.0394725 0.102762 -0.159072
0.0547483 0.102762 -0.146419
0.0700241 0.102762 -0.133766
0.0852999 0.102762 -0.121113
0.100576 0.102762 -0.10846
0.115851 0.102762 -0.0958076
0.131127 0.102762 -0.0831547
0.146403 0.102762 -0.0705018
0.161679 0.102762 -0.0578489
0.176955 0.102762 -0.045196
0.19223 0.102762 -0.0325432
0.207506 0.102762 -0.0198903
0.222782 0.102762 -0.00723738
0.238058 0.102762 0.00541551
0.253334 0.102762 0.0180684
0.268609 0.102762 0.0307213
0.283885 0.102762 0.0433742
0.299161 0.102762 0.0560271
0.314437 0.102762 0.0686799
0.329713 0.102762 0.0813328
0.344988 0.102762 0.0939857
0.360264 0.102762 0.106639
0.37554 0.102762 0.119291
0.390816 0.102762 0.131944
-0.250768 0.118676 -0.424617
-0.235492 0.118676 -0.411965
-0.220216 0.118676 -0.399312
-0.20494 0.118676 -0.386659
-0.189664 0.118676 -0.374006
-0.174389 0.118676 -0.361353
-0.159113 0.118676 -0.3487
-0.143837 0.118676 -0.336047
-0.128561 0.118676 -0.323394
-0.113285 0.118676 -0.310741
-0.0980097 0.118676 -0.298089
-0.0827339 0.118676 -0.285436
-0.0674581 0.118676 -0.272783
-0.0521823 0.118676 -0.26013
-0.0369065 0.118676 -0.247477
-0.0216307 0.118676 -0.234824
-0.0063549 0.118676 -0.222171
0.00892089 0.118676 -0.209518
0.0241967 0.118676 -0.196865
0.0394725 0.118676 -0.184213
0.0547483 0.118676 -0.17156
0.0700241 0.118676 -0.158907
0.0852999 0.118676 -0.146254
0.100576 0.118676 -0.133601
0.115851 0.118676 -0.120948
0.131127 0.118676 -0.108295
0.146403 0.118676 -0.0956424
0.161679 0.118676 -0.0829895
0.176955 0.118676 -0.0703366
0.19223 0.118676 -0.0576837
0.207506 0.118676 -0.0450308
0.222782 0.118676 -0.0323779
0.238058 0.118676 -0.019725
0.253334 0.118676 -0.00707216
0.268609 0.118676 0.00558072
0.283885 0.118676 0.0182336
0.299161 0.118676 0.0308865
0.314437 0.118676 0.0435394
0.329713 0.118676 0.0561923
0.344988 0.118676 0.0688452
0.360264 0.118676 0.081498
0.37554 0.118676 0.0941509
0.390816 0.118676 0.106804
-0.220216 0.134589 -0.424452
-0.20494 0.134589 -0.411799
-0.189664 0.134589 -0.399146
-0.174389 0.134589 -0.386494
-0.159113 0.134589 -0.373841
-0.143837 0.134589 -0.361188
-0.128561 0.134589 -0.348535
-0.113285 0.134589 -0.335882
-0.0980097 0.134589 -0.323229
-0.0827339 0.134589 -0.310576
-0.0674581 0.134589 -0.297923
-0.0521823 0.134589 -0.28527
-0.0369065 0.134589 -0.272618
-0.0216307 0.134589 -0.259965
-0.0063549 0.134589 -0.247312
0.00892089 0.134589 -0.234659
0.0241967 0.134589 -0.222006
0.0394725 0.134589 -0.209353
0.0547483 0.134589 -0.1967
0.0700241 0.134589 -0.184047
0.0852999 0.134589 -0.171394
0.100576 0.134589 -0.158742
0.115851 0.134589 -0.146089
0.131127 0.134589 -0.133436
0.146403 0.134589 -0.120783
0.161679 0.134589 -0.10813
0.176955 0.134589 -0.0954771
0.19223 0.134589 -0.0828243
0.207506 0.134589 -0.0701714
0.222782 0.134589 -0.0575185
0.238058 0.134589 -0.0448656
0.253334 0.134589 -0.0322127
0.268609 0.134589 -0.0195598
0.283885 0.134589 -0.00690694
0.299161 0.134589 0.00574594
0.314437 0.134589 0.0183988
0.329713 0.134589 0.0310517
0.344988 0.134589 0.0437046
0.360264 0.134589 0.0563575
0.37554 0.134589 0.0690104
0.390816 0.134589 0.0816633
-0.189664 0.150503 -0.424287
-0.174389 0.150503 -0.411634
-0.159113 0.150503 -0.398981
-0.143837 0.150503 -0.386328
-0.128561 0.150503 -0.373675
-0.113285 0.150503 -0.361023
-0.0980097 0.150503 -0.34837
-0.0827339 0.150503 -0.335717
-0.0674581 0.150503 -0.323064
-0.0521823 0.150503 -0.310411
-0.0369065 0.150503 -0.297758
-0.0216307 0.150503 -0.285105
-0.0063549 0.150503 -0.272452
0.00892089 0.150503 -0.259799
0.0241967 0.150503 -0.247147
0.0394725 0.150503 -0.234494
0.0547483 0.150503 -0.221841
0.0700241 0.150503 -0.209188
0.0852999 0.150503 -0.196535
0.100576 0.150503 -0.183882
0.115851 0.150503 -0.171229
0.131127 0.150503 -0.158576
0.146403 0.150503 -0.145923
0.161679 0.150503 -0.133271
0.176955 0.150503 -0.120618
0.19223 0.150503 -0.107965
0.207506 0.150503 -0.0953119
0.222782 0.150503 -0.082659
0.238058 0.150503 -0.0700062
0.253334 0.150503 -0.0573533
0.268609 0.150503 -0.0447004
0.283885 0.150503 -0.0320475
0.299161 0.150503 -0.0193946
0.314437 0.150503 -0.00674173
0.329713 0.150503 0.00591116
0.344988 0.150503 0.018564
0.360264 0.150503 0.0312169
0.37554 0.150503 0.0438698
0.390816 0.150503 0.0565227
-0.159113 0.166417 -0.424122
-0.143837 0.166417 -0.411469
-0.128561 0.166417 -0.398816
-0.113285 0.166417 -0.386163
-0.0980097 0.166417 -0.37351
-0.0827339 0.166417 -0.360857
-0.0674581 0.166417 -0.348204
-0.0521823 0.166417 -0.335552
-0.0369065 0.166417 -0.322899
-0.0216307 0.166417 -0.310246
-0.0063549 0.166417 -0.297593
0.00892089 0.166417 -0.28494
0.0241967 0.166417 -0.272287
0.0394725 0.166417 -0.259634
0.0547483 0.166417 -0.246981
0.0700241 0.166417 -0.234328
0.0852999 0.166417 -0.221676
0.100576 0.166417 -0.209023
0.115851 0.166417 -0.19637
0.131127 0.166417 -0.183717
0.146403 0.166417 -0.171064
0.161679 0.166417 -0.158411
0.176955 0.166417 -0.145758
0.19223 0.166417 -0.133105
0.207506 0.166417 -0.120452
0.222782 0.166417 -0.1078
0.238058 0.166417 -0.0951467
0.253334 0.166417 -0.0824938
0.268609 0.166417 -0.0698409
0.283885 0.166417 -0.0571881
0.299161 0.166417 -0.0445352
0.314437 0.166417 -0.0318823
0.329713 0.166417 -0.0192294
0.344988 0.166417 -0.00657651
0.360264 0.166417 0.00607637
0.37554 0.166417 0.0187293
0.390816 0.166417 0.0313821
-0.128561 0.18233 -0.423957
-0.113285 0.18233 -0.411304
-0.0980097 0.18233 -0.398651
-0.0827339 0.18233 -0.385998
-0.0674581 0.18233 -0.373345
-0.0521823 0.18233 -0.360692
-0.0369065 0.18233 -0.348039
-0.0216307 0.18233 -0.335386
-0.0063549 0.18233 -0.322733
0.00892089 0.18233 -0.310081
0.0241967 0.18233 -0.297428
0.0394725 0.18233 -0.284775
0.0547483 0.18233 -0.272122
0.0700241 0.18233 -0.259469
0.0852999 0.18233 -0.246816
0.100576 0.18233 -0.234163
0.115851 0.18233 -0.22151
0.131127 0.18233 -0.208857
0.146403 0.18233 -0.196205
0.161679 0.18233 -0.183552
0.176955 0.18233 -0.170899
0.19223 0.18233 -0.158246
0.207506 0.18233 -0.145593
0.222782 0.18233 -0.13294
0.238058 0.18233 -0.120287
0.253334 0.18233 -0.107634
0.268609 0.18233 -0.0949815
0.283885 0.18233 -0.0823286
0.299161 0.18233 -0.0696757
0.314437 0.18233 -0.0570228
0.329713 0.18233 -0.04437
0.344988 0.18233 -0.0317171
0.360264 0.18233 -0.0190642
0.37554 0.18233 -0.00641129
0.390816 0.18233 0.00624159
-0.0980097 0.198244 -0.423791
-0.0827339 0.198244 -0.411138
-0.0674581 0.198244 -0.398486
-0.0521823 0.198244 -0.385833
-0.0369065 0.198244 -0.37318
-0.0216307 0.198244 -0.360527
-0.0063549 0.198244 -0.347874
0.00892089 0.198244 -0.335221
0.0241967 0.198244 -0.322568
0.0394725 0.198244 -0.309915
0.0547483 0.198244 -0.297262
0.0700241 0.198244 -0.28461
0.0852999 0.198244 -0.271957
0.100576 0.198244 -0.259304
0.115851 0.198244 -0.246651
0.131127 0.198244 -0.233998
0.146403 0.198244 -0.221345
0.161679 0.198244 -0.208692
0.176955 0.198244 -0.196039
0.19223 0.198244 -0.183386
0.207506 0.198244 -0.170734
0.222782 0.198244 -0.158081
0.238058 0.198244 -0.145428
0.253334 0.198244 -0.132775
0.268609 0.198244 -0.120122
0.283885 0.198244 -0.107469
0.299161 0.198244 -0.0948163
0.314437 0.198244 -0.0821634
0.329713 0.198244 -0.0695105
0.344988 0.198244 -0.0568576
0.360264 0.198244 -0.0442047
0.37554 0.198244 -0.0315519
0.390816 0.198244 -0.018899
-0.0674581 0.214158 -0.423626
-0.0521823 0.214158 -0.410973
-0.0369065 0.214158 -0.39832
-0.0216307 0.214158 -0.385667
-0.0063549 0.214158 -0.373015
0.00892089 0.214158 -0.360362
0.0241967 0.214158 -0.347709
0.0394725 0.214158 -0.335056
0.0547483 0.214158 -0.322403
0.0700241 0.214158 -0.30975
0.0852999 0.214158 -0.297097
0.100576 0.214158 -0.284444
0.115851 0.214158 -0.271791
0.131127 0.214158 -0.259139
0.146403 0.214158 -0.246486
0.161679 0.214158 -0.233833
0.176955 0.214158 -0.22118
0.19223 0.214158 -0.208527
0.207506 0.214158 -0.195874
0.222782 0.214158 -0.183221
0.238058 0.214158 -0.170568
0.253334 0.214158 -0.157915
0.268609 0.214158 -0.145263
0.283885 0.214158 -0.13261
0.299161 0.214158 -0.119957
0.314437 0.214158 -0.107304
0.329713 0.214158 -0.0946511
0.344988 0.214158 -0.0819982
0.360264 0.214158 -0.0693453
0.37554 0.214158 -0.0566924
0.390816 0.214158 -0.0440395
-0.0369065 0.230072 -0.423461
-0.0216307 0.230072 -0.410808
-0.0063549 0.230072 -0.398155
0.00892089 0.230072 -0.385502
0.0241967 0.230072 -0.372849
0.0394725 0.230072 -0.360196
0.0547483 0.230072 -0.347544
0.0700241 0.230072 -0.334891
0.0852999 0.230072 -0.322238
0.100576 0.230072 -0.309585
0.115851 0.230072 -0.296932
0.131127 0.230072 -0.284279
0.146403 0.230072 -0.271626
0.161679 0.230072 -0.258973
0.176955 0.230072 -0.24632
0.19223 0.230072 -0.233668
0.207506 0.230072 -0.221015
0.222782 0.230072 -0.208362
0.238058 0.230072 -0.195709
0.253334 0.230072 -0.183056
0.268609 0.230072 -0.170403
0.283885 0.230072 -0.15775
0.299161 0.230072 -0.145097
0.314437 0.230072 -0.132445
0.329713 0.230072 -0.119792
0.344988 0.230072 -0.107139
0.360264 0.230072 -0.0944858
0.37554 0.230072 -0.081833
0.390816 0.230072 -0.0691801
-0.0063549 0.245985 -0.423296
0.00892089 0.245985 -0.410643
0.0241967 0.245985 -0.39799
0.0394725 0.245985 -0.385337
0.0547483 0.245985 -0.372684
0.0700241 0.245985 -0.360031
0.0852999 0.245985 -0.347378
0.100576 0.245985 -0.334725
0.115851 0.245985 -0.322073
0.131127 0.245985 -0.30942
0.146403 0.245985 -0.296767
0.161679 0.245985 -0.284114
0.176955 0.245985 -0.271461
0.19223 0.245985 -0.258808
0.207506 0.245985 -0.246155
0.222782 0.245985 -0.233502
0.238058 0.245985 -0.220849
0.253334 0.245985 -0.208197
0.268609 0.245985 -0.195544
0.283885 0.245985 -0.182891
0.299161 0.245985 -0.170238
0.314437 0.245985 -0.157585
0.329713 0.245985 -0.144932
0.344988 0.245985 -0.132279
0.360264 0.245985 -0.119626
0.37554 0.245985 -0.106974
0.390816 0.245985 -0.0943206
0.0241967 0.261899 -0.42313
0.0394725 0.261899 -0.410478
0.0547483 0.261899 -0.397825
0.0700241 0.261899 -0.385172
0.0852999 0.261899 -0.372519
0.100576 0.261899 -0.359866
0.115851 0.261899 -0.347213
0.131127 0.261899 -0.33456
0.146403 0.261899 -0.321907
0.161679 0.261899 -0.309254
0.176955 0.261899 -0.296602
0.19223 0.261899 -0.283949
0.207506 0.261899 -0.271296
0.222782 0.261899 -0.258643
0.238058 0.261899 -0.24599
0.253334 0.261899 -0.233337
0.268609 0.261899 -0.220684
0.283885 0.261899 -0.208031
0.299161 0.261899 -0.195379
0.314437 0.261899 -0.182726
0.329713 0.261899 -0.170073
0.344988 0.261899 -0.15742
0.360264 0.261899 -0.144767
0.37554 0.261899 -0.132114
0.390816 0.261899 -0.119461
0.0547483 0.277813 -0.422965
0.0700241 0.277813 -0.410312
0.0852999 0.277813 -0.397659
0.100576 0.277813 -0.385007
0.115851 0.277813 -0.372354
0.131127 0.277813 -0.359701
0.146403 0.277813 -0.347048
0.161679 0.277813 -0.334395
0.176955 0.277813 -0.321742
0.19223 0.277813 -0.309089
0.207506 0.277813 -0.296436
0.222782 0.277813 -0.283783
0.238058 0.277813 -0.271131
0.253334 0.277813 -0.258478
0.268609 0.277813 -0.245825
0.283885 0.277813 -0.233172
0.299161 0.277813 -0.220519
0.314437 0.277813 -0.207866
0.329713 0.277813 -0.195213
0.344988 0.277813 -0.18256
0.360264 0.277813 -0.169908
0.37554 0.277813 -0.157255
0.390816 0.277813 -0.144602
0.0852999 0.293726 -0.4228
0.100576 0.293726 -0.410147
0.115851 0.293726 -0.397494
0.131127 0.293726 -0.384841
0.146403 0.293726 -0.372188
0.161679 0.293726 -0.359536
0.176955 0.293726 -0.346883
0.19223 0.293726 -0.33423
0.207506 0.293726 -0.321577
0.222782 0.293726 -0.308924
0.238058 0.293726 -0.296271
0.253334 0.293726 -0.283618
0.268609 0.293726 -0.270965
0.283885 0.293726 -0.258312
0.299161 0.293726 -0.24566
0.314437 0.293726 -0.233007
0.329713 0.293726 -0.220354
0.344988 0.293726 -0.207701
0.360264 0.293726 -0.195048
0.37554 0.293726 -0.182395
0.390816 0.293726 -0.169742
0.115851 0.30964 -0.422635
0.131127 0.30964 -0.409982
0.146403 0.30964 -0.397329
0.161679 0.30964 -0.384676
0.176955 0.30964 -0.372023
0.19223 0.30964 -0.35937
0.207506 0.30964 -0.346717
0.222782 0.30964 -0.334065
0.238058 0.30964 -0.321412
0.253334 0.30964 -0.308759
0.268609 0.30964 -0.296106
0.283885 0.30964 -0.283453
0.299161 0.30964 -0.2708
0.314437 0.30964 -0.258147
0.329713 0.30964 -0.245494
0.344988 0.30964 -0.232842
0.360264 0.30964 -0.220189
0.37554 0.30964 -0.207536
0.390816 0.30964 -0.194883
0.146403 0.325554 -0.42247
0.161679 0.325554 -0.409817
0.176955 0.325554 -0.397164
0.19223 0.325554 -0.384511
0.207506 0.325554 -0.371858
0.222782 0.325554 -0.359205
0.238058 0.325554 -0.346552
0.253334 0.325554 -0.333899
0.268609 0.325554 -0.321246
0.283885 0.325554 -0.308594
0.299161 0.325554 -0.295941
0.314437 0.325554 -0.283288
0.329713 0.325554 -0.270635
0.344988 0.325554 -0.257982
0.360264 0.325554 -0.245329
0.37554 0.325554 -0.232676
0.390816 0.325554 -0.220023
0.176955 0.341468 -0.422304
0.19223 0.341468 -0.409651
0.207506 0.341468 -0.396999
0.222782 0.341468 -0.384346
0.238058 0.341468 -0.371693
0.253334 0.341468 -0.35904
0.268609 0.341468 -0.346387
0.283885 0.341468 -0.333734
0.299161 0.341468 -0.321081
0.314437 0.341468 -0.308428
0.329713 0.341468 -0.295776
0.344988 0.341468 -0.283123
0.360264 0.341468 -0.27047
0.37554 0.341468 -0.257817
0.390816 0.341468 -0.245164
0.207506 0.357381 -0.422139
0.222782 0.357381 -0.409486
0.238058 0.357381 -0.396833
0.253334 0.357381 -0.38418
0.268609 0.357381 -0.371528
0.283885 0.357381 -0.358875
0.299161 0.357381 -0.346222
0.314437 0.357381 -0.333569
0.329713 0.357381 -0.320916
0.344988 0.357381 -0.308263
0.360264 0.357381 -0.29561
0.37554 0.357381 -0.282957
0.390816 0.357381 -0.270305
0.238058 0.373295 -0.421974
0.253334 0.373295 -0.409321
0.268609 0.373295 -0.396668
0.283885 0.373295 -0.384015
0.299161 0.373295 -0.371362
0.314437 0.373295 -0.35871
0.329713 0.373295 -0.346057
0.344988 0.373295 -0.333404
0.360264 0.373295 -0.320751
0.37554 0.373295 -0.308098
0.390816 0.373295 -0.295445
0.268609 0.389209 -0.421809
0.283885 0.389209 -0.409156
0.299161 0.389209 -0.396503
0.314437 0.389209 -0.38385
0.329713 0.389209 -0.371197
0.344988 0.389209 -0.358544
0.360264 0.389209 -0.345891
0.37554 0.389209 -0.333239
0.390816 0.389209 -0.320586
0.299161 0.405122 -0.421643
0.314437 0.405122 -0.408991
0.329713 0.405122 -0.396338
0.344988 0.405122 -0.383685
0.360264 0.405122 -0.371032
0.37554 0.405122 -0.358379
0.390816 0.405122 -0.345726
