-0.350245 -0.294295 -0.101944
-0.350245 -0.282807 -0.11429
-0.350245 -0.271318 -0.126636
-0.350245 -0.25983 -0.138982
-0.350245 -0.248341 -0.151328
-0.350245 -0.236852 -0.163674
-0.350245 -0.225364 -0.17602
-0.350245 -0.213875 -0.188366
-0.350245 -0.202386 -0.200711
-0.350245 -0.190898 -0.213057
-0.350245 -0.179409 -0.225403
-0.350245 -0.167921 -0.237749
-0.350245 -0.156432 -0.250095
-0.350245 -0.144943 -0.262441
-0.350245 -0.133455 -0.274787
-0.335203 -0.294295 -0.0896363
-0.335203 -0.282807 -0.101982
-0.335203 -0.271318 -0.114328
-0.335203 -0.25983 -0.126674
-0.335203 -0.248341 -0.13902
-0.335203 -0.236852 -0.151366
-0.335203 -0.225364 -0.163712
-0.335203 -0.213875 -0.176058
-0.335203 -0.202386 -0.188404
-0.335203 -0.190898 -0.20075
-0.335203 -0.179409 -0.213096
-0.335203 -0.167921 -0.225442
-0.335203 -0.156432 -0.237787
-0.335203 -0.144943 -0.250133
-0.335203 -0.133455 -0.262479
-0.335203 -0.121966 -0.274825
-0.32016 -0.294295 -0.0773285
-0.32016 -0.282807 -0.0896745
-0.32016 -0.271318 -0.10202
-0.32016 -0.25983 -0.114366
-0.32016 -0.248341 -0.126712
-0.32016 -0.236852 -0.139058
-0.32016 -0.225364 -0.151404
-0.32016 -0.213875 -0.16375
-0.32016 -0.202386 -0.176096
-0.32016 -0.190898 -0.188442
-0.32016 -0.179409 -0.200788
-0.32016 -0.167921 -0.213134
-0.32016 -0.156432 -0.22548
-0.32016 -0.144943 -0.237826
-0.32016 -0.133455 -0.250172
-0.32016 -0.121966 -0.262518
-0.32016 -0.110478 -0.274864
-0.305117 -0.294295 -0.0650208
-0.305117 -0.282807 -0.0773667
-0.305117 -0.271318 -0.0897127
-0.305117 -0.25983 -0.102059
-0.305117 -0.248341 -0.114405
-0.305117 -0.236852 -0.12675
-0.305117 -0.225364 -0.139096
-0.305117 -0.213875 -0.151442
-0.305117 -0.202386 -0.163788
-0.305117 -0.190898 -0.176134
-0.305117 -0.179409 -0.18848
-0.305117 -0.167921 -0.200826
-0.305117 -0.156432 -0.213172
-0.305117 -0.144943 -0.225518
-0.305117 -0.133455 -0.237864
-0.305117 -0.121966 -0.25021
-0.305117 -0.110478 -0.262556
-0.305117 -0.098989 -0.274902
-0.290075 -0.294295 -0.0527131
-0.290075 -0.282807 -0.065059
-0.290075 -0.271318 -0.0774049
-0.290075 -0.25983 -0.0897509
-0.290075 -0.248341 -0.102097
-0.290075 -0.236852 -0.114443
-0.290075 -0.225364 -0.126789
-0.290075 -0.213875 -0.139135
-0.290075 -0.202386 -0.151481
-0.290075 -0.190898 -0.163826
-0.290075 -0.179409 -0.176172
-0.290075 -0.167921 -0.188518
-0.290075 -0.156432 -0.200864
-0.290075 -0.144943 -0.21321
-0.290075 -0.133455 -0.225556
-0.290075 -0.121966 -0.237902
-0.290075 -0.110478 -0.250248
-0.290075 -0.098989 -0.262594
-0.290075 -0.0875004 -0.27494
-0.275032 -0.294295 -0.0404053
-0.275032 -0.282807 -0.0527513
-0.275032 -0.271318 -0.0650972
-0.275032 -0.25983 -0.0774431
-0.275032 -0.248341 -0.0897891
-0.275032 -0.236852 -0.102135
-0.275032 -0.225364 -0.114481
-0.275032 -0.213875 -0.126827
-0.275032 -0.202386 -0.139173
-0.275032 -0.190898 -0.151519
-0.275032 -0.179409 -0.163865
-0.275032 -0.167921 -0.176211
-0.275032 -0.156432 -0.188557
-0.275032 -0.144943 -0.200903
-0.275032 -0.133455 -0.213248
-0.275032 -0.121966 -0.225594
-0.275032 -0.110478 -0.23794
-0.275032 -0.098989 -0.250286
-0.275032 -0.0875004 -0.262632
-0.275032 -0.0760118 -0.274978
-0.25999 -0.294295 -0.0280976
-0.25999 -0.282807 -0.0404435
-0.25999 -0.271318 -0.0527895
-0.25999 -0.25983 -0.0651354
-0.25999 -0.248341 -0.0774813
-0.25999 -0.236852 -0.0898273
-0.25999 -0.225364 -0.102173
-0.25999 -0.213875 -0.114519
-0.25999 -0.202386 -0.126865
-0.25999 -0.190898 -0.139211
-0.25999 -0.179409 -0.151557
-0.25999 -0.167921 -0.163903
-0.25999 -0.156432 -0.176249
-0.25999 -0.144943 -0.188595
-0.25999 -0.133455 -0.200941
-0.25999 -0.121966 -0.213287
-0.25999 -0.110478 -0.225633
-0.25999 -0.098989 -0.237979
-0.25999 -0.0875004 -0.250324
-0.25999 -0.0760118 -0.26267
-0.25999 -0.0645231 -0.275016
-0.244947 -0.294295 -0.0157899
-0.244947 -0.282807 -0.0281358
-0.244947 -0.271318 -0.0404817
-0.244947 -0.25983 -0.0528277
-0.244947 -0.248341 -0.0651736
-0.244947 -0.236852 -0.0775196
-0.244947 -0.225364 -0.0898655
-0.244947 -0.213875 -0.102211
-0.244947 -0.202386 -0.114557
-0.244947 -0.190898 -0.126903
-0.244947 -0.179409 -0.139249
-0.244947 -0.167921 -0.151595
-0.244947 -0.156432 -0.163941
-0.244947 -0.144943 -0.176287
-0.244947 -0.133455 -0.188633
-0.244947 -0.121966 -0.200979
-0.244947 -0.110478 -0.213325
-0.244947 -0.098989 -0.225671
-0.244947 -0.0875004 -0.238017
-0.244947 -0.0760118 -0.250363
-0.244947 -0.0645231 -0.262709
-0.244947 -0.0530345 -0.275055
-0.229904 -0.294295 -0.00348214
-0.229904 -0.282807 -0.0158281
-0.229904 -0.271318 -0.028174
-0.229904 -0.25983 -0.04052
-0.229904 -0.248341 -0.0528659
-0.229904 -0.236852 -0.0652118
-0.229904 -0.225364 -0.0775578
-0.229904 -0.213875 -0.0899037
-0.229904 -0.202386 -0.10225
-0.229904 -0.190898 -0.114596
-0.229904 -0.179409 -0.126942
-0.229904 -0.167921 -0.139287
-0.229904 -0.156432 -0.151633
-0.229904 -0.144943 -0.163979
-0.229904 -0.133455 -0.176325
-0.229904 -0.121966 -0.188671
-0.229904 -0.110478 -0.201017
-0.229904 -0.098989 -0.213363
-0.229904 -0.0875004 -0.225709
-0.229904 -0.0760118 -0.238055
-0.229904 -0.0645231 -0.250401
-0.229904 -0.0530345 -0.262747
-0.229904 -0.0415459 -0.275093
-0.214862 -0.294295 0.00882559
-0.214862 -0.282807 -0.00352035
-0.214862 -0.271318 -0.0158663
-0.214862 -0.25983 -0.0282122
-0.214862 -0.248341 -0.0405582
-0.214862 -0.236852 -0.0529041
-0.214862 -0.225364 -0.06525
-0.214862 -0.213875 -0.077596
-0.214862 -0.202386 -0.0899419
-0.214862 -0.190898 -0.102288
-0.214862 -0.179409 -0.114634
-0.214862 -0.167921 -0.12698
-0.214862 -0.156432 -0.139326
-0.214862 -0.144943 -0.151672
-0.214862 -0.133455 -0.164018
-0.214862 -0.121966 -0.176363
-0.214862 -0.110478 -0.188709
-0.214862 -0.098989 -0.201055
-0.214862 -0.0875004 -0.213401
-0.214862 -0.0760118 -0.225747
-0.214862 -0.0645231 -0.238093
-0.214862 -0.0530345 -0.250439
-0.214862 -0.0415459 -0.262785
-0.214862 -0.0300573 -0.275131
-0.199819 -0.294295 0.0211333
-0.199819 -0.282807 0.00878738
-0.199819 -0.271318 -0.00355855
-0.199819 -0.25983 -0.0159045
-0.199819 -0.248341 -0.0282504
-0.199819 -0.236852 -0.0405964
-0.199819 -0.225364 -0.0529423
-0.199819 -0.213875 -0.0652882
-0.199819 -0.202386 -0.0776342
-0.199819 -0.190898 -0.0899801
-0.199819 -0.179409 -0.102326
-0.199819 -0.167921 -0.114672
-0.199819 -0.156432 -0.127018
-0.199819 -0.144943 -0.139364
-0.199819 -0.133455 -0.15171
-0.199819 -0.121966 -0.164056
-0.199819 -0.110478 -0.176402
-0.199819 -0.098989 -0.188748
-0.199819 -0.0875004 -0.201094
-0.199819 -0.0760118 -0.213439
-0.199819 -0.0645231 -0.225785
-0.199819 -0.0530345 -0.238131
-0.199819 -0.0415459 -0.250477
-0.199819 -0.0300573 -0.262823
-0.199819 -0.0185687 -0.275169
-0.184776 -0.294295 0.0334411
-0.184776 -0.282807 0.0210951
-0.184776 -0.271318 0.00874918
-0.184776 -0.25983 -0.00359676
-0.184776 -0.248341 -0.0159427
-0.184776 -0.236852 -0.0282886
-0.184776 -0.225364 -0.0406346
-0.184776 -0.213875 -0.0529805
-0.184776 -0.202386 -0.0653264
-0.184776 -0.190898 -0.0776724
-0.184776 -0.179409 -0.0900183
-0.184776 -0.167921 -0.102364
-0.184776 -0.156432 -0.11471
-0.184776 -0.144943 -0.127056
-0.184776 -0.133455 -0.139402
-0.184776 -0.121966 -0.151748
-0.184776 -0.110478 -0.164094
-0.184776 -0.098989 -0.17644
-0.184776 -0.0875004 -0.188786
-0.184776 -0.0760118 -0.201132
-0.184776 -0.0645231 -0.213478
-0.184776 -0.0530345 -0.225824
-0.184776 -0.0415459 -0.23817
-0.184776 -0.0300573 -0.250515
-0.184776 -0.0185687 -0.262861
-0.184776 -0.00708009 -0.275207
-0.169734 -0.294295 0.0457488
-0.169734 -0.282807 0.0334028
-0.169734 -0.271318 0.0210569
-0.169734 -0.25983 0.00871097
-0.169734 -0.248341 -0.00363496
-0.169734 -0.236852 -0.0159809
-0.169734 -0.225364 -0.0283268
-0.169734 -0.213875 -0.0406728
-0.169734 -0.202386 -0.0530187
-0.169734 -0.190898 -0.0653646
-0.169734 -0.179409 -0.0777106
-0.169734 -0.167921 -0.0900565
-0.169734 -0.156432 -0.102402
-0.169734 -0.144943 -0.114748
-0.169734 -0.133455 -0.127094
-0.169734 -0.121966 -0.13944
-0.169734 -0.110478 -0.151786
-0.169734 -0.098989 -0.164132
-0.169734 -0.0875004 -0.176478
-0.169734 -0.0760118 -0.188824
-0.169734 -0.0645231 -0.20117
-0.169734 -0.0530345 -0.213516
-0.169734 -0.0415459 -0.225862
-0.169734 -0.0300573 -0.238208
-0.169734 -0.0185687 -0.250554
-0.169734 -0.00708009 -0.2629
-0.169734 0.00440852 -0.275246
-0.154691 -0.294295 0.0580565
-0.154691 -0.282807 0.0457106
-0.154691 -0.271318 0.0333646
-0.154691 -0.25983 0.0210187
-0.154691 -0.248341 0.00867277
-0.154691 -0.236852 -0.00367317
-0.154691 -0.225364 -0.0160191
-0.154691 -0.213875 -0.028365
-0.154691 -0.202386 -0.040711
-0.154691 -0.190898 -0.0530569
-0.154691 -0.179409 -0.0654029
-0.154691 -0.167921 -0.0777488
-0.154691 -0.156432 -0.0900947
-0.154691 -0.144943 -0.102441
-0.154691 -0.133455 -0.114787
-0.154691 -0.121966 -0.127133
-0.154691 -0.110478 -0.139478
-0.154691 -0.098989 -0.151824
-0.154691 -0.0875004 -0.16417
-0.154691 -0.0760118 -0.176516
-0.154691 -0.0645231 -0.188862
-0.154691 -0.0530345 -0.201208
-0.154691 -0.0415459 -0.213554
-0.154691 -0.0300573 -0.2259
-0.154691 -0.0185687 -0.238246
-0.154691 -0.00708009 -0.250592
-0.154691 0.00440852 -0.262938
-0.154691 0.0158971 -0.275284
-0.139649 -0.294295 0.0703642
-0.139649 -0.282807 0.0580183
-0.139649 -0.271318 0.0456724
-0.139649 -0.25983 0.0333264
-0.139649 -0.248341 0.0209805
-0.139649 -0.236852 0.00863456
-0.139649 -0.225364 -0.00371138
-0.139649 -0.213875 -0.0160573
-0.139649 -0.202386 -0.0284032
-0.139649 -0.190898 -0.0407492
-0.139649 -0.179409 -0.0530951
-0.139649 -0.167921 -0.0654411
-0.139649 -0.156432 -0.077787
-0.139649 -0.144943 -0.0901329
-0.139649 -0.133455 -0.102479
-0.139649 -0.121966 -0.114825
-0.139649 -0.110478 -0.127171
-0.139649 -0.098989 -0.139517
-0.139649 -0.0875004 -0.151863
-0.139649 -0.0760118 -0.164209
-0.139649 -0.0645231 -0.176554
-0.139649 -0.0530345 -0.1889
-0.139649 -0.0415459 -0.201246
-0.139649 -0.0300573 -0.213592
-0.139649 -0.0185687 -0.225938
-0.139649 -0.00708009 -0.238284
-0.139649 0.00440852 -0.25063
-0.139649 0.0158971 -0.262976
-0.139649 0.0273857 -0.275322
-0.124606 -0.294295 0.082672
-0.124606 -0.282807 0.070326
-0.124606 -0.271318 0.0579801
-0.124606 -0.25983 0.0456342
-0.124606 -0.248341 0.0332882
-0.124606 -0.236852 0.0209423
-0.124606 -0.225364 0.00859635
-0.124606 -0.213875 -0.00374958
-0.124606 -0.202386 -0.0160955
-0.124606 -0.190898 -0.0284415
-0.124606 -0.179409 -0.0407874
-0.124606 -0.167921 -0.0531333
-0.124606 -0.156432 -0.0654793
-0.124606 -0.144943 -0.0778252
-0.124606 -0.133455 -0.0901711
-0.124606 -0.121966 -0.102517
-0.124606 -0.110478 -0.114863
-0.124606 -0.098989 -0.127209
-0.124606 -0.0875004 -0.139555
-0.124606 -0.0760118 -0.151901
-0.124606 -0.0645231 -0.164247
-0.124606 -0.0530345 -0.176593
-0.124606 -0.0415459 -0.188939
-0.124606 -0.0300573 -0.201285
-0.124606 -0.0185687 -0.213631
-0.124606 -0.00708009 -0.225976
-0.124606 0.00440852 -0.238322
-0.124606 0.0158971 -0.250668
-0.124606 0.0273857 -0.263014
-0.124606 0.0388744 -0.27536
-0.109563 -0.294295 0.0949797
-0.109563 -0.282807 0.0826338
-0.109563 -0.271318 0.0702878
-0.109563 -0.25983 0.0579419
-0.109563 -0.248341 0.045596
-0.109563 -0.236852 0.03325
-0.109563 -0.225364 0.0209041
-0.109563 -0.213875 0.00855815
-0.109563 -0.202386 -0.00378779
-0.109563 -0.190898 -0.0161337
-0.109563 -0.179409 -0.0284797
-0.109563 -0.167921 -0.0408256
-0.109563 -0.156432 -0.0531715
-0.109563 -0.144943 -0.0655175
-0.109563 -0.133455 -0.0778634
-0.109563 -0.121966 -0.0902093
-0.109563 -0.110478 -0.102555
-0.109563 -0.098989 -0.114901
-0.109563 -0.0875004 -0.127247
-0.109563 -0.0760118 -0.139593
-0.109563 -0.0645231 -0.151939
-0.109563 -0.0530345 -0.164285
-0.109563 -0.0415459 -0.176631
-0.109563 -0.0300573 -0.188977
-0.109563 -0.0185687 -0.201323
-0.109563 -0.00708009 -0.213669
-0.109563 0.00440852 -0.226015
-0.109563 0.0158971 -0.238361
-0.109563 0.0273857 -0.250707
-0.109563 0.0388744 -0.263052
-0.109563 0.050363 -0.275398
-0.0945206 -0.294295 0.107287
-0.0945206 -0.282807 0.0949415
-0.0945206 -0.271318 0.0825956
-0.0945206 -0.25983 0.0702496
-0.0945206 -0.248341 0.0579037
-0.0945206 -0.236852 0.0455578
-0.0945206 -0.225364 0.0332118
-0.0945206 -0.213875 0.0208659
-0.0945206 -0.202386 0.00851994
-0.0945206 -0.190898 -0.00382599
-0.0945206 -0.179409 -0.0161719
-0.0945206 -0.167921 -0.0285179
-0.0945206 -0.156432 -0.0408638
-0.0945206 -0.144943 -0.0532097
-0.0945206 -0.133455 -0.0655557
-0.0945206 -0.121966 -0.0779016
-0.0945206 -0.110478 -0.0902476
-0.0945206 -0.098989 -0.102593
-0.0945206 -0.0875004 -0.114939
-0.0945206 -0.0760118 -0.127285
-0.0945206 -0.0645231 -0.139631
-0.0945206 -0.0530345 -0.151977
-0.0945206 -0.0415459 -0.164323
-0.0945206 -0.0300573 -0.176669
-0.0945206 -0.0185687 -0.189015
-0.0945206 -0.00708009 -0.201361
-0.0945206 0.00440852 -0.213707
-0.0945206 0.0158971 -0.226053
-0.0945206 0.0273857 -0.238399
-0.0945206 0.0388744 -0.250745
-0.0945206 0.050363 -0.263091
-0.0945206 0.0618516 -0.275437
-0.079478 -0.294295 0.119595
-0.079478 -0.282807 0.107249
-0.079478 -0.271318 0.0949033
-0.079478 -0.25983 0.0825574
-0.079478 -0.248341 0.0702114
-0.079478 -0.236852 0.0578655
-0.079478 -0.225364 0.0455195
-0.079478 -0.213875 0.0331736
-0.079478 -0.202386 0.0208277
-0.079478 -0.190898 0.00848174
-0.079478 -0.179409 -0.0038642
-0.079478 -0.167921 -0.0162101
-0.079478 -0.156432 -0.0285561
-0.079478 -0.144943 -0.040902
-0.079478 -0.133455 -0.0532479
-0.079478 -0.121966 -0.0655939
-0.079478 -0.110478 -0.0779398
-0.079478 -0.098989 -0.0902858
-0.079478 -0.0875004 -0.102632
-0.079478 -0.0760118 -0.114978
-0.079478 -0.0645231 -0.127324
-0.079478 -0.0530345 -0.13967
-0.079478 -0.0415459 -0.152015
-0.079478 -0.0300573 -0.164361
-0.079478 -0.0185687 -0.176707
-0.079478 -0.00708009 -0.189053
-0.079478 0.00440852 -0.201399
-0.079478 0.0158971 -0.213745
-0.079478 0.0273857 -0.226091
-0.079478 0.0388744 -0.238437
-0.079478 0.050363 -0.250783
-0.079478 0.0618516 -0.263129
-0.079478 0.0733402 -0.275475
-0.0644354 -0.294295 0.131903
-0.0644354 -0.282807 0.119557
-0.0644354 -0.271318 0.107211
-0.0644354 -0.25983 0.0948651
-0.0644354 -0.248341 0.0825192
-0.0644354 -0.236852 0.0701732
-0.0644354 -0.225364 0.0578273
-0.0644354 -0.213875 0.0454813
-0.0644354 -0.202386 0.0331354
-0.0644354 -0.190898 0.0207895
-0.0644354 -0.179409 0.00844353
-0.0644354 -0.167921 -0.00390241
-0.0644354 -0.156432 -0.0162483
-0.0644354 -0.144943 -0.0285943
-0.0644354 -0.133455 -0.0409402
-0.0644354 -0.121966 -0.0532862
-0.0644354 -0.110478 -0.0656321
-0.0644354 -0.098989 -0.077978
-0.0644354 -0.0875004 -0.090324
-0.0644354 -0.0760118 -0.10267
-0.0644354 -0.0645231 -0.115016
-0.0644354 -0.0530345 -0.127362
-0.0644354 -0.0415459 -0.139708
-0.0644354 -0.0300573 -0.152054
-0.0644354 -0.0185687 -0.1644
-0.0644354 -0.00708009 -0.176746
-0.0644354 0.00440852 -0.189091
-0.0644354 0.0158971 -0.201437
-0.0644354 0.0273857 -0.213783
-0.0644354 0.0388744 -0.226129
-0.0644354 0.050363 -0.238475
-0.0644354 0.0618516 -0.250821
-0.0644354 0.0733402 -0.263167
-0.0644354 0.0848288 -0.275513
-0.0493927 -0.294295 0.144211
-0.0493927 -0.282807 0.131865
-0.0493927 -0.271318 0.119519
-0.0493927 -0.25983 0.107173
-0.0493927 -0.248341 0.0948269
-0.0493927 -0.236852 0.0824809
-0.0493927 -0.225364 0.070135
-0.0493927 -0.213875 0.0577891
-0.0493927 -0.202386 0.0454431
-0.0493927 -0.190898 0.0330972
-0.0493927 -0.179409 0.0207513
-0.0493927 -0.167921 0.00840533
-0.0493927 -0.156432 -0.00394061
-0.0493927 -0.144943 -0.0162865
-0.0493927 -0.133455 -0.0286325
-0.0493927 -0.121966 -0.0409784
-0.0493927 -0.110478 -0.0533244
-0.0493927 -0.098989 -0.0656703
-0.0493927 -0.0875004 -0.0780162
-0.0493927 -0.0760118 -0.0903622
-0.0493927 -0.0645231 -0.102708
-0.0493927 -0.0530345 -0.115054
-0.0493927 -0.0415459 -0.1274
-0.0493927 -0.0300573 -0.139746
-0.0493927 -0.0185687 -0.152092
-0.0493927 -0.00708009 -0.164438
-0.0493927 0.00440852 -0.176784
-0.0493927 0.0158971 -0.18913
-0.0493927 0.0273857 -0.201476
-0.0493927 0.0388744 -0.213822
-0.0493927 0.050363 -0.226167
-0.0493927 0.0618516 -0.238513
-0.0493927 0.0733402 -0.250859
-0.0493927 0.0848288 -0.263205
-0.0493927 0.0963174 -0.275551
-0.0343501 -0.294295 0.156518
-0.0343501 -0.282807 0.144172
-0.0343501 -0.271318 0.131826
-0.0343501 -0.25983 0.119481
-0.0343501 -0.248341 0.107135
-0.0343501 -0.236852 0.0947887
-0.0343501 -0.225364 0.0824427
-0.0343501 -0.213875 0.0700968
-0.0343501 -0.202386 0.0577509
-0.0343501 -0.190898 0.0454049
-0.0343501 -0.179409 0.033059
-0.0343501 -0.167921 0.0207131
-0.0343501 -0.156432 0.00836712
-0.0343501 -0.144943 -0.00397882
-0.0343501 -0.133455 -0.0163248
-0.0343501 -0.121966 -0.0286707
-0.0343501 -0.110478 -0.0410166
-0.0343501 -0.098989 -0.0533626
-0.0343501 -0.0875004 -0.0657085
-0.0343501 -0.0760118 -0.0780544
-0.0343501 -0.0645231 -0.0904004
-0.0343501 -0.0530345 -0.102746
-0.0343501 -0.0415459 -0.115092
-0.0343501 -0.0300573 -0.127438
-0.0343501 -0.0185687 -0.139784
-0.0343501 -0.00708009 -0.15213
-0.0343501 0.00440852 -0.164476
-0.0343501 0.0158971 -0.176822
-0.0343501 0.0273857 -0.189168
-0.0343501 0.0388744 -0.201514
-0.0343501 0.050363 -0.21386
-0.0343501 0.0618516 -0.226206
-0.0343501 0.0733402 -0.238552
-0.0343501 0.0848288 -0.250898
-0.0343501 0.0963174 -0.263243
-0.0343501 0.107806 -0.275589
-0.0193075 -0.294295 0.168826
-0.0193075 -0.282807 0.15648
-0.0193075 -0.271318 0.144134
-0.0193075 -0.25983 0.131788
-0.0193075 -0.248341 0.119442
-0.0193075 -0.236852 0.107096
-0.0193075 -0.225364 0.0947505
-0.0193075 -0.213875 0.0824045
-0.0193075 -0.202386 0.0700586
-0.0193075 -0.190898 0.0577127
-0.0193075 -0.179409 0.0453667
-0.0193075 -0.167921 0.0330208
-0.0193075 -0.156432 0.0206749
-0.0193075 -0.144943 0.00832891
-0.0193075 -0.133455 -0.00401702
-0.0193075 -0.121966 -0.016363
-0.0193075 -0.110478 -0.0287089
-0.0193075 -0.098989 -0.0410548
-0.0193075 -0.0875004 -0.0534008
-0.0193075 -0.0760118 -0.0657467
-0.0193075 -0.0645231 -0.0780926
-0.0193075 -0.0530345 -0.0904386
-0.0193075 -0.0415459 -0.102785
-0.0193075 -0.0300573 -0.11513
-0.0193075 -0.0185687 -0.127476
-0.0193075 -0.00708009 -0.139822
-0.0193075 0.00440852 -0.152168
-0.0193075 0.0158971 -0.164514
-0.0193075 0.0273857 -0.17686
-0.0193075 0.0388744 -0.189206
-0.0193075 0.050363 -0.201552
-0.0193075 0.0618516 -0.213898
-0.0193075 0.0733402 -0.226244
-0.0193075 0.0848288 -0.23859
-0.0193075 0.0963174 -0.250936
-0.0193075 0.107806 -0.263282
-0.0193075 0.119295 -0.275628
-0.00426484 -0.294295 0.181134
-0.00426484 -0.282807 0.168788
-0.00426484 -0.271318 0.156442
-0.00426484 -0.25983 0.144096
-0.00426484 -0.248341 0.13175
-0.00426484 -0.236852 0.119404
-0.00426484 -0.225364 0.107058
-0.00426484 -0.213875 0.0947123
-0.00426484 -0.202386 0.0823663
-0.00426484 -0.190898 0.0700204
-0.00426484 -0.179409 0.0576745
-0.00426484 -0.167921 0.0453285
-0.00426484 -0.156432 0.0329826
-0.00426484 -0.144943 0.0206366
-0.00426484 -0.133455 0.00829071
-0.00426484 -0.121966 -0.00405523
-0.00426484 -0.110478 -0.0164012
-0.00426484 -0.098989 -0.0287471
-0.00426484 -0.0875004 -0.041093
-0.00426484 -0.0760118 -0.053439
-0.00426484 -0.0645231 -0.0657849
-0.00426484 -0.0530345 -0.0781308
-0.00426484 -0.0415459 -0.0904768
-0.00426484 -0.0300573 -0.102823
-0.00426484 -0.0185687 -0.115169
-0.00426484 -0.00708009 -0.127515
-0.00426484 0.00440852 -0.139861
-0.00426484 0.0158971 -0.152206
-0.00426484 0.0273857 -0.164552
-0.00426484 0.0388744 -0.176898
-0.00426484 0.050363 -0.189244
-0.00426484 0.0618516 -0.20159
-0.00426484 0.0733402 -0.213936
-0.00426484 0.0848288 -0.226282
-0.00426484 0.0963174 -0.238628
-0.00426484 0.107806 -0.250974
-0.00426484 0.119295 -0.26332
-0.00426484 0.130783 -0.275666
0.0107778 -0.294295 0.193442
0.0107778 -0.282807 0.181096
0.0107778 -0.271318 0.16875
0.0107778 -0.25983 0.156404
0.0107778 -0.248341 0.144058
0.0107778 -0.236852 0.131712
0.0107778 -0.225364 0.119366
0.0107778 -0.213875 0.10702
0.0107778 -0.202386 0.0946741
0.0107778 -0.190898 0.0823281
0.0107778 -0.179409 0.0699822
0.0107778 -0.167921 0.0576362
0.0107778 -0.156432 0.0452903
0.0107778 -0.144943 0.0329444
0.0107778 -0.133455 0.0205984
0.0107778 -0.121966 0.0082525
0.0107778 -0.110478 -0.00409344
0.0107778 -0.098989 -0.0164394
0.0107778 -0.0875004 -0.0287853
0.0107778 -0.0760118 -0.0411312
0.0107778 -0.0645231 -0.0534772
0.0107778 -0.0530345 -0.0658231
0.0107778 -0.0415459 -0.0781691
0.0107778 -0.0300573 -0.090515
0.0107778 -0.0185687 -0.102861
0.0107778 -0.00708009 -0.115207
0.0107778 0.00440852 -0.127553
0.0107778 0.0158971 -0.139899
0.0107778 0.0273857 -0.152245
0.0107778 0.0388744 -0.164591
0.0107778 0.050363 -0.176937
0.0107778 0.0618516 -0.189282
0.0107778 0.0733402 -0.201628
0.0107778 0.0848288 -0.213974
0.0107778 0.0963174 -0.22632
0.0107778 0.107806 -0.238666
0.0107778 0.119295 -0.251012
0.0107778 0.130783 -0.263358
0.0107778 0.142272 -0.275704
0.0258204 -0.294295 0.205749
0.0258204 -0.282807 0.193403
0.0258204 -0.271318 0.181057
0.0258204 -0.25983 0.168711
0.0258204 -0.248341 0.156366
0.0258204 -0.236852 0.14402
0.0258204 -0.225364 0.131674
0.0258204 -0.213875 0.119328
0.0258204 -0.202386 0.106982
0.0258204 -0.190898 0.0946359
0.0258204 -0.179409 0.0822899
0.0258204 -0.167921 0.069944
0.0258204 -0.156432 0.057598
0.0258204 -0.144943 0.0452521
0.0258204 -0.133455 0.0329062
0.0258204 -0.121966 0.0205602
0.0258204 -0.110478 0.0082143
0.0258204 -0.098989 -0.00413164
0.0258204 -0.0875004 -0.0164776
0.0258204 -0.0760118 -0.0288235
0.0258204 -0.0645231 -0.0411695
0.0258204 -0.0530345 -0.0535154
0.0258204 -0.0415459 -0.0658613
0.0258204 -0.0300573 -0.0782073
0.0258204 -0.0185687 -0.0905532
0.0258204 -0.00708009 -0.102899
0.0258204 0.00440852 -0.115245
0.0258204 0.0158971 -0.127591
0.0258204 0.0273857 -0.139937
0.0258204 0.0388744 -0.152283
0.0258204 0.050363 -0.164629
0.0258204 0.0618516 -0.176975
0.0258204 0.0733402 -0.189321
0.0258204 0.0848288 -0.201667
0.0258204 0.0963174 -0.214013
0.0258204 0.107806 -0.226359
0.0258204 0.119295 -0.238704
0.0258204 0.130783 -0.25105
0.0258204 0.142272 -0.263396
0.0258204 0.15376 -0.275742
0.0408631 -0.294295 0.218057
0.0408631 -0.282807 0.205711
0.0408631 -0.271318 0.193365
0.0408631 -0.25983 0.181019
0.0408631 -0.248341 0.168673
0.0408631 -0.236852 0.156327
0.0408631 -0.225364 0.143981
0.0408631 -0.213875 0.131635
0.0408631 -0.202386 0.11929
0.0408631 -0.190898 0.106944
0.0408631 -0.179409 0.0945976
0.0408631 -0.167921 0.0822517
0.0408631 -0.156432 0.0699058
0.0408631 -0.144943 0.0575598
0.0408631 -0.133455 0.0452139
0.0408631 -0.121966 0.032868
0.0408631 -0.110478 0.020522
0.0408631 -0.098989 0.00817609
0.0408631 -0.0875004 -0.00416985
0.0408631 -0.0760118 -0.0165158
0.0408631 -0.0645231 -0.0288617
0.0408631 -0.0530345 -0.0412077
0.0408631 -0.0415459 -0.0535536
0.0408631 -0.0300573 -0.0658995
0.0408631 -0.0185687 -0.0782455
0.0408631 -0.00708009 -0.0905914
0.0408631 0.00440852 -0.102937
0.0408631 0.0158971 -0.115283
0.0408631 0.0273857 -0.127629
0.0408631 0.0388744 -0.139975
0.0408631 0.050363 -0.152321
0.0408631 0.0618516 -0.164667
0.0408631 0.0733402 -0.177013
0.0408631 0.0848288 -0.189359
0.0408631 0.0963174 -0.201705
0.0408631 0.107806 -0.214051
0.0408631 0.119295 -0.226397
0.0408631 0.130783 -0.238743
0.0408631 0.142272 -0.251089
0.0408631 0.15376 -0.263435
0.0408631 0.165249 -0.27578
0.0559057 -0.294295 0.230365
0.0559057 -0.282807 0.218019
0.0559057 -0.271318 0.205673
0.0559057 -0.25983 0.193327
0.0559057 -0.248341 0.180981
0.0559057 -0.236852 0.168635
0.0559057 -0.225364 0.156289
0.0559057 -0.213875 0.143943
0.0559057 -0.202386 0.131597
0.0559057 -0.190898 0.119251
0.0559057 -0.179409 0.106905
0.0559057 -0.167921 0.0945594
0.0559057 -0.156432 0.0822135
0.0559057 -0.144943 0.0698676
0.0559057 -0.133455 0.0575216
0.0559057 -0.121966 0.0451757
0.0559057 -0.110478 0.0328298
0.0559057 -0.098989 0.0204838
0.0559057 -0.0875004 0.00813788
0.0559057 -0.0760118 -0.00420805
0.0559057 -0.0645231 -0.016554
0.0559057 -0.0530345 -0.0288999
0.0559057 -0.0415459 -0.0412459
0.0559057 -0.0300573 -0.0535918
0.0559057 -0.0185687 -0.0659377
0.0559057 -0.00708009 -0.0782837
0.0559057 0.00440852 -0.0906296
0.0559057 0.0158971 -0.102976
0.0559057 0.0273857 -0.115321
0.0559057 0.0388744 -0.127667
0.0559057 0.050363 -0.140013
0.0559057 0.0618516 -0.152359
0.0559057 0.0733402 -0.164705
0.0559057 0.0848288 -0.177051
0.0559057 0.0963174 -0.189397
0.0559057 0.107806 -0.201743
0.0559057 0.119295 -0.214089
0.0559057 0.130783 -0.226435
0.0559057 0.142272 -0.238781
0.0559057 0.15376 -0.251127
0.0559057 0.165249 -0.263473
0.0559057 0.176738 -0.275819
0.0709483 -0.282807 0.230327
0.0709483 -0.271318 0.217981
0.0709483 -0.25983 0.205635
0.0709483 -0.248341 0.193289
0.0709483 -0.236852 0.180943
0.0709483 -0.225364 0.168597
0.0709483 -0.213875 0.156251
0.0709483 -0.202386 0.143905
0.0709483 -0.190898 0.131559
0.0709483 -0.179409 0.119213
0.0709483 -0.167921 0.106867
0.0709483 -0.156432 0.0945212
0.0709483 -0.144943 0.0821753
0.0709483 -0.133455 0.0698294
0.0709483 -0.121966 0.0574834
0.0709483 -0.110478 0.0451375
0.0709483 -0.098989 0.0327916
0.0709483 -0.0875004 0.0204456
0.0709483 -0.0760118 0.00809968
0.0709483 -0.0645231 -0.00424626
0.0709483 -0.0530345 -0.0165922
0.0709483 -0.0415459 -0.0289381
0.0709483 -0.0300573 -0.0412841
0.0709483 -0.0185687 -0.05363
0.0709483 -0.00708009 -0.0659759
0.0709483 0.00440852 -0.0783219
0.0709483 0.0158971 -0.0906678
0.0709483 0.0273857 -0.103014
0.0709483 0.0388744 -0.11536
0.0709483 0.050363 -0.127706
0.0709483 0.0618516 -0.140052
0.0709483 0.0733402 -0.152397
0.0709483 0.0848288 -0.164743
0.0709483 0.0963174 -0.177089
0.0709483 0.107806 -0.189435
0.0709483 0.119295 -0.201781
0.0709483 0.130783 -0.214127
0.0709483 0.142272 -0.226473
0.0709483 0.15376 -0.238819
0.0709483 0.165249 -0.251165
0.0709483 0.176738 -0.263511
0.0709483 0.188226 -0.275857
0.085991 -0.271318 0.230288
0.085991 -0.25983 0.217942
0.085991 -0.248341 0.205596
0.085991 -0.236852 0.193251
0.085991 -0.225364 0.180905
0.085991 -0.213875 0.168559
0.085991 -0.202386 0.156213
0.085991 -0.190898 0.143867
0.085991 -0.179409 0.131521
0.085991 -0.167921 0.119175
0.085991 -0.156432 0.106829
0.085991 -0.144943 0.094483
0.085991 -0.133455 0.0821371
0.085991 -0.121966 0.0697912
0.085991 -0.110478 0.0574452
0.085991 -0.098989 0.0450993
0.085991 -0.0875004 0.0327533
0.085991 -0.0760118 0.0204074
0.085991 -0.0645231 0.00806147
0.085991 -0.0530345 -0.00428446
0.085991 -0.0415459 -0.0166304
0.085991 -0.0300573 -0.0289763
0.085991 -0.0185687 -0.0413223
0.085991 -0.00708009 -0.0536682
0.085991 0.00440852 -0.0660141
0.085991 0.0158971 -0.0783601
0.085991 0.0273857 -0.090706
0.085991 0.0388744 -0.103052
0.085991 0.050363 -0.115398
0.085991 0.0618516 -0.127744
0.085991 0.0733402 -0.14009
0.085991 0.0848288 -0.152436
0.085991 0.0963174 -0.164782
0.085991 0.107806 -0.177128
0.085991 0.119295 -0.189474
0.085991 0.130783 -0.201819
0.085991 0.142272 -0.214165
0.085991 0.15376 -0.226511
0.085991 0.165249 -0.238857
0.085991 0.176738 -0.251203
0.085991 0.188226 -0.263549
0.085991 0.199715 -0.275895
0.101034 -0.25983 0.23025
0.101034 -0.248341 0.217904
0.101034 -0.236852 0.205558
0.101034 -0.225364 0.193212
0.101034 -0.213875 0.180866
0.101034 -0.202386 0.16852
0.101034 -0.190898 0.156175
0.101034 -0.179409 0.143829
0.101034 -0.167921 0.131483
0.101034 -0.156432 0.119137
0.101034 -0.144943 0.106791
0.101034 -0.133455 0.0944448
0.101034 -0.121966 0.0820989
0.101034 -0.110478 0.0697529
0.101034 -0.098989 0.057407
0.101034 -0.0875004 0.0450611
0.101034 -0.0760118 0.0327151
0.101034 -0.0645231 0.0203692
0.101034 -0.0530345 0.00802327
0.101034 -0.0415459 -0.00432267
0.101034 -0.0300573 -0.0166686
0.101034 -0.0185687 -0.0290145
0.101034 -0.00708009 -0.0413605
0.101034 0.00440852 -0.0537064
0.101034 0.0158971 -0.0660524
0.101034 0.0273857 -0.0783983
0.101034 0.0388744 -0.0907442
0.101034 0.050363 -0.10309
0.101034 0.0618516 -0.115436
0.101034 0.0733402 -0.127782
0.101034 0.0848288 -0.140128
0.101034 0.0963174 -0.152474
0.101034 0.107806 -0.16482
0.101034 0.119295 -0.177166
0.101034 0.130783 -0.189512
0.101034 0.142272 -0.201858
0.101034 0.15376 -0.214204
0.101034 0.165249 -0.22655
0.101034 0.176738 -0.238895
0.101034 0.188226 -0.251241
0.101034 0.199715 -0.263587
0.101034 0.211204 -0.275933
0.116076 -0.248341 0.230212
0.116076 -0.236852 0.217866
0.116076 -0.225364 0.20552
0.116076 -0.213875 0.193174
0.116076 -0.202386 0.180828
0.116076 -0.190898 0.168482
0.116076 -0.179409 0.156136
0.116076 -0.167921 0.14379
0.116076 -0.156432 0.131444
0.116076 -0.144943 0.119098
0.116076 -0.133455 0.106753
0.116076 -0.121966 0.0944066
0.116076 -0.110478 0.0820607
0.116076 -0.098989 0.0697147
0.116076 -0.0875004 0.0573688
0.116076 -0.0760118 0.0450229
0.116076 -0.0645231 0.0326769
0.116076 -0.0530345 0.020331
0.116076 -0.0415459 0.00798506
0.116076 -0.0300573 -0.00436088
0.116076 -0.0185687 -0.0167068
0.116076 -0.00708009 -0.0290527
0.116076 0.00440852 -0.0413987
0.116076 0.0158971 -0.0537446
0.116076 0.0273857 -0.0660906
0.116076 0.0388744 -0.0784365
0.116076 0.050363 -0.0907824
0.116076 0.0618516 -0.103128
0.116076 0.0733402 -0.115474
0.116076 0.0848288 -0.12782
0.116076 0.0963174 -0.140166
0.116076 0.107806 -0.152512
0.116076 0.119295 -0.164858
0.116076 0.130783 -0.177204
0.116076 0.142272 -0.18955
0.116076 0.15376 -0.201896
0.116076 0.165249 -0.214242
0.116076 0.176738 -0.226588
0.116076 0.188226 -0.238934
0.116076 0.199715 -0.25128
0.116076 0.211204 -0.263626
0.116076 0.222692 -0.275971
0.131119 -0.236852 0.230174
0.131119 -0.225364 0.217828
0.131119 -0.213875 0.205482
0.131119 -0.202386 0.193136
0.131119 -0.190898 0.18079
0.131119 -0.179409 0.168444
0.131119 -0.167921 0.156098
0.131119 -0.156432 0.143752
0.131119 -0.144943 0.131406
0.131119 -0.133455 0.11906
0.131119 -0.121966 0.106714
0.131119 -0.110478 0.0943684
0.131119 -0.098989 0.0820225
0.131119 -0.0875004 0.0696765
0.131119 -0.0760118 0.0573306
0.131119 -0.0645231 0.0449847
0.131119 -0.0530345 0.0326387
0.131119 -0.0415459 0.0202928
0.131119 -0.0300573 0.00794685
0.131119 -0.0185687 -0.00439908
0.131119 -0.00708009 -0.016745
0.131119 0.00440852 -0.029091
0.131119 0.0158971 -0.0414369
0.131119 0.0273857 -0.0537828
0.131119 0.0388744 -0.0661288
0.131119 0.050363 -0.0784747
0.131119 0.0618516 -0.0908206
0.131119 0.0733402 -0.103167
0.131119 0.0848288 -0.115513
0.131119 0.0963174 -0.127858
0.131119 0.107806 -0.140204
0.131119 0.119295 -0.15255
0.131119 0.130783 -0.164896
0.131119 0.142272 -0.177242
0.131119 0.15376 -0.189588
0.131119 0.165249 -0.201934
0.131119 0.176738 -0.21428
0.131119 0.188226 -0.226626
0.131119 0.199715 -0.238972
0.131119 0.211204 -0.251318
0.131119 0.222692 -0.263664
0.131119 0.234181 -0.27601
0.146161 -0.225364 0.230136
0.146161 -0.213875 0.21779
0.146161 -0.202386 0.205444
0.146161 -0.190898 0.193098
0.146161 -0.179409 0.180752
0.146161 -0.167921 0.168406
0.146161 -0.156432 0.15606
0.146161 -0.144943 0.143714
0.146161 -0.133455 0.131368
0.146161 -0.121966 0.119022
0.146161 -0.110478 0.106676
0.146161 -0.098989 0.0943302
0.146161 -0.0875004 0.0819843
0.146161 -0.0760118 0.0696383
0.146161 -0.0645231 0.0572924
0.146161 -0.0530345 0.0449465
0.146161 -0.0415459 0.0326005
0.146161 -0.0300573 0.0202546
0.146161 -0.0185687 0.00790865
0.146161 -0.00708009 -0.00443729
0.146161 0.00440852 -0.0167832
0.146161 0.0158971 -0.0291292
0.146161 0.0273857 -0.0414751
0.146161 0.0388744 -0.053821
0.146161 0.050363 -0.066167
0.146161 0.0618516 -0.0785129
0.146161 0.0733402 -0.0908588
0.146161 0.0848288 -0.103205
0.146161 0.0963174 -0.115551
0.146161 0.107806 -0.127897
0.146161 0.119295 -0.140243
0.146161 0.130783 -0.152589
0.146161 0.142272 -0.164934
0.146161 0.15376 -0.17728
0.146161 0.165249 -0.189626
0.146161 0.176738 -0.201972
0.146161 0.188226 -0.214318
0.146161 0.199715 -0.226664
0.146161 0.211204 -0.23901
0.146161 0.222692 -0.251356
0.146161 0.234181 -0.263702
0.146161 0.245669 -0.276048
0.161204 -0.213875 0.230097
0.161204 -0.202386 0.217751
0.161204 -0.190898 0.205405
0.161204 -0.179409 0.193059
0.161204 -0.167921 0.180714
0.161204 -0.156432 0.168368
0.161204 -0.144943 0.156022
0.161204 -0.133455 0.143676
0.161204 -0.121966 0.13133
0.161204 -0.110478 0.118984
0.161204 -0.098989 0.106638
0.161204 -0.0875004 0.094292
0.161204 -0.0760118 0.0819461
0.161204 -0.0645231 0.0696001
0.161204 -0.0530345 0.0572542
0.161204 -0.0415459 0.0449083
0.161204 -0.0300573 0.0325623
0.161204 -0.0185687 0.0202164
0.161204 -0.00708009 0.00787044
0.161204 0.00440852 -0.00447549
0.161204 0.0158971 -0.0168214
0.161204 0.0273857 -0.0291674
0.161204 0.0388744 -0.0415133
0.161204 0.050363 -0.0538592
0.161204 0.0618516 -0.0662052
0.161204 0.0733402 -0.0785511
0.161204 0.0848288 -0.0908971
0.161204 0.0963174 -0.103243
0.161204 0.107806 -0.115589
0.161204 0.119295 -0.127935
0.161204 0.130783 -0.140281
0.161204 0.142272 -0.152627
0.161204 0.15376 -0.164973
0.161204 0.165249 -0.177319
0.161204 0.176738 -0.189665
0.161204 0.188226 -0.20201
0.161204 0.199715 -0.214356
0.161204 0.211204 -0.226702
0.161204 0.222692 -0.239048
0.161204 0.234181 -0.251394
0.161204 0.245669 -0.26374
0.161204 0.257158 -0.276086
0.176247 -0.202386 0.230059
0.176247 -0.190898 0.217713
0.176247 -0.179409 0.205367
0.176247 -0.167921 0.193021
0.176247 -0.156432 0.180675
0.176247 -0.144943 0.168329
0.176247 -0.133455 0.155983
0.176247 -0.121966 0.143638
0.176247 -0.110478 0.131292
0.176247 -0.098989 0.118946
0.176247 -0.0875004 0.1066
0.176247 -0.0760118 0.0942538
0.176247 -0.0645231 0.0819079
0.176247 -0.0530345 0.0695619
0.176247 -0.0415459 0.057216
0.176247 -0.0300573 0.04487
0.176247 -0.0185687 0.0325241
0.176247 -0.00708009 0.0201782
0.176247 0.00440852 0.00783224
0.176247 0.0158971 -0.0045137
0.176247 0.0273857 -0.0168596
0.176247 0.0388744 -0.0292056
0.176247 0.050363 -0.0415515
0.176247 0.0618516 -0.0538974
0.176247 0.0733402 -0.0662434
0.176247 0.0848288 -0.0785893
0.176247 0.0963174 -0.0909353
0.176247 0.107806 -0.103281
0.176247 0.119295 -0.115627
0.176247 0.130783 -0.127973
0.176247 0.142272 -0.140319
0.176247 0.15376 -0.152665
0.176247 0.165249 -0.165011
0.176247 0.176738 -0.177357
0.176247 0.188226 -0.189703
0.176247 0.199715 -0.202049
0.176247 0.211204 -0.214395
0.176247 0.222692 -0.226741
0.176247 0.234181 -0.239086
0.176247 0.245669 -0.251432
0.176247 0.257158 -0.263778
0.176247 0.268647 -0.276124
0.191289 -0.190898 0.230021
0.191289 -0.179409 0.217675
0.191289 -0.167921 0.205329
0.191289 -0.156432 0.192983
0.191289 -0.144943 0.180637
0.191289 -0.133455 0.168291
0.191289 -0.121966 0.155945
0.191289 -0.110478 0.143599
0.191289 -0.098989 0.131253
0.191289 -0.0875004 0.118907
0.191289 -0.0760118 0.106562
0.191289 -0.0645231 0.0942156
0.191289 -0.0530345 0.0818697
0.191289 -0.0415459 0.0695237
0.191289 -0.0300573 0.0571778
0.191289 -0.0185687 0.0448318
0.191289 -0.00708009 0.0324859
0.191289 0.00440852 0.02014
0.191289 0.0158971 0.00779403
0.191289 0.0273857 -0.00455191
0.191289 0.0388744 -0.0168978
0.191289 0.050363 -0.0292438
0.191289 0.0618516 -0.0415897
0.191289 0.0733402 -0.0539357
0.191289 0.0848288 -0.0662816
0.191289 0.0963174 -0.0786275
0.191289 0.107806 -0.0909735
0.191289 0.119295 -0.103319
0.191289 0.130783 -0.115665
0.191289 0.142272 -0.128011
0.191289 0.15376 -0.140357
0.191289 0.165249 -0.152703
0.191289 0.176738 -0.165049
0.191289 0.188226 -0.177395
0.191289 0.199715 -0.189741
0.191289 0.211204 -0.202087
0.191289 0.222692 -0.214433
0.191289 0.234181 -0.226779
0.191289 0.245669 -0.239125
0.191289 0.257158 -0.251471
0.191289 0.268647 -0.263817
0.206332 -0.179409 0.229983
0.206332 -0.167921 0.217637
0.206332 -0.156432 0.205291
0.206332 -0.144943 0.192945
0.206332 -0.133455 0.180599
0.206332 -0.121966 0.168253
0.206332 -0.110478 0.155907
0.206332 -0.098989 0.143561
0.206332 -0.0875004 0.131215
0.206332 -0.0760118 0.118869
0.206332 -0.0645231 0.106523
0.206332 -0.0530345 0.0941774
0.206332 -0.0415459 0.0818314
0.206332 -0.0300573 0.0694855
0.206332 -0.0185687 0.0571396
0.206332 -0.00708009 0.0447936
0.206332 0.00440852 0.0324477
0.206332 0.0158971 0.0201018
0.206332 0.0273857 0.00775582
0.206332 0.0388744 -0.00459011
0.206332 0.050363 -0.016936
0.206332 0.0618516 -0.029282
0.206332 0.0733402 -0.0416279
0.206332 0.0848288 -0.0539739
0.206332 0.0963174 -0.0663198
0.206332 0.107806 -0.0786657
0.206332 0.119295 -0.0910117
0.206332 0.130783 -0.103358
0.206332 0.142272 -0.115704
0.206332 0.15376 -0.128049
0.206332 0.165249 -0.140395
0.206332 0.176738 -0.152741
0.206332 0.188226 -0.165087
0.206332 0.199715 -0.177433
0.206332 0.211204 -0.189779
0.206332 0.222692 -0.202125
0.206332 0.234181 -0.214471
0.206332 0.245669 -0.226817
0.206332 0.257158 -0.239163
0.206332 0.268647 -0.251509
0.221375 -0.167921 0.229944
0.221375 -0.156432 0.217599
0.221375 -0.144943 0.205253
0.221375 -0.133455 0.192907
0.221375 -0.121966 0.180561
0.221375 -0.110478 0.168215
0.221375 -0.098989 0.155869
0.221375 -0.0875004 0.143523
0.221375 -0.0760118 0.131177
0.221375 -0.0645231 0.118831
0.221375 -0.0530345 0.106485
0.221375 -0.0415459 0.0941392
0.221375 -0.0300573 0.0817932
0.221375 -0.0185687 0.0694473
0.221375 -0.00708009 0.0571014
0.221375 0.00440852 0.0447554
0.221375 0.0158971 0.0324095
0.221375 0.0273857 0.0200636
0.221375 0.0388744 0.00771762
0.221375 0.050363 -0.00462832
0.221375 0.0618516 -0.0169743
0.221375 0.0733402 -0.0293202
0.221375 0.0848288 -0.0416661
0.221375 0.0963174 -0.0540121
0.221375 0.107806 -0.066358
0.221375 0.119295 -0.0787039
0.221375 0.130783 -0.0910499
0.221375 0.142272 -0.103396
0.221375 0.15376 -0.115742
0.221375 0.165249 -0.128088
0.221375 0.176738 -0.140434
0.221375 0.188226 -0.15278
0.221375 0.199715 -0.165125
0.221375 0.211204 -0.177471
0.221375 0.222692 -0.189817
0.221375 0.234181 -0.202163
0.221375 0.245669 -0.214509
0.221375 0.257158 -0.226855
0.221375 0.268647 -0.239201
0.236417 -0.156432 0.229906
0.236417 -0.144943 0.21756
0.236417 -0.133455 0.205214
0.236417 -0.121966 0.192868
0.236417 -0.110478 0.180523
0.236417 -0.098989 0.168177
0.236417 -0.0875004 0.155831
0.236417 -0.0760118 0.143485
0.236417 -0.0645231 0.131139
0.236417 -0.0530345 0.118793
0.236417 -0.0415459 0.106447
0.236417 -0.0300573 0.094101
0.236417 -0.0185687 0.081755
0.236417 -0.00708009 0.0694091
0.236417 0.00440852 0.0570632
0.236417 0.0158971 0.0447172
0.236417 0.0273857 0.0323713
0.236417 0.0388744 0.0200253
0.236417 0.050363 0.00767941
0.236417 0.0618516 -0.00466652
0.236417 0.0733402 -0.0170125
0.236417 0.0848288 -0.0293584
0.236417 0.0963174 -0.0417043
0.236417 0.107806 -0.0540503
0.236417 0.119295 -0.0663962
0.236417 0.130783 -0.0787421
0.236417 0.142272 -0.0910881
0.236417 0.15376 -0.103434
0.236417 0.165249 -0.11578
0.236417 0.176738 -0.128126
0.236417 0.188226 -0.140472
0.236417 0.199715 -0.152818
0.236417 0.211204 -0.165164
0.236417 0.222692 -0.17751
0.236417 0.234181 -0.189856
0.236417 0.245669 -0.202202
0.236417 0.257158 -0.214547
0.236417 0.268647 -0.226893
0.25146 -0.144943 0.229868
0.25146 -0.133455 0.217522
0.25146 -0.121966 0.205176
0.25146 -0.110478 0.19283
0.25146 -0.098989 0.180484
0.25146 -0.0875004 0.168138
0.25146 -0.0760118 0.155792
0.25146 -0.0645231 0.143447
0.25146 -0.0530345 0.131101
0.25146 -0.0415459 0.118755
0.25146 -0.0300573 0.106409
0.25146 -0.0185687 0.0940628
0.25146 -0.00708009 0.0817168
0.25146 0.00440852 0.0693709
0.25146 0.0158971 0.057025
0.25146 0.0273857 0.044679
0.25146 0.0388744 0.0323331
0.25146 0.050363 0.0199871
0.25146 0.0618516 0.00764121
0.25146 0.0733402 -0.00470473
0.25146 0.0848288 -0.0170507
0.25146 0.0963174 -0.0293966
0.25146 0.107806 -0.0417425
0.25146 0.119295 -0.0540885
0.25146 0.130783 -0.0664344
0.25146 0.142272 -0.0787803
0.25146 0.15376 -0.0911263
0.25146 0.165249 -0.103472
0.25146 0.176738 -0.115818
0.25146 0.188226 -0.128164
0.25146 0.199715 -0.14051
0.25146 0.211204 -0.152856
0.25146 0.222692 -0.165202
0.25146 0.234181 -0.177548
0.25146 0.245669 -0.189894
0.25146 0.257158 -0.20224
0.25146 0.268647 -0.214586
0.266503 -0.133455 0.22983
0.266503 -0.121966 0.217484
0.266503 -0.110478 0.205138
0.266503 -0.098989 0.192792
0.266503 -0.0875004 0.180446
0.266503 -0.0760118 0.1681
0.266503 -0.0645231 0.155754
0.266503 -0.0530345 0.143408
0.266503 -0.0415459 0.131062
0.266503 -0.0300573 0.118716
0.266503 -0.0185687 0.10637
0.266503 -0.00708009 0.0940246
0.266503 0.00440852 0.0816786
0.266503 0.0158971 0.0693327
0.266503 0.0273857 0.0569867
0.266503 0.0388744 0.0446408
0.266503 0.050363 0.0322949
0.266503 0.0618516 0.0199489
0.266503 0.0733402 0.007603
0.266503 0.0848288 -0.00474294
0.266503 0.0963174 -0.0170889
0.266503 0.107806 -0.0294348
0.266503 0.119295 -0.0417807
0.266503 0.130783 -0.0541267
0.266503 0.142272 -0.0664726
0.266503 0.15376 -0.0788186
0.266503 0.165249 -0.0911645
0.266503 0.176738 -0.10351
0.266503 0.188226 -0.115856
0.266503 0.199715 -0.128202
0.266503 0.211204 -0.140548
0.266503 0.222692 -0.152894
0.266503 0.234181 -0.16524
0.266503 0.245669 -0.177586
0.266503 0.257158 -0.189932
0.266503 0.268647 -0.202278
0.281545 -0.121966 0.229792
0.281545 -0.110478 0.217446
0.281545 -0.098989 0.2051
0.281545 -0.0875004 0.192754
0.281545 -0.0760118 0.180408
0.281545 -0.0645231 0.168062
0.281545 -0.0530345 0.155716
0.281545 -0.0415459 0.14337
0.281545 -0.0300573 0.131024
0.281545 -0.0185687 0.118678
0.281545 -0.00708009 0.106332
0.281545 0.00440852 0.0939864
0.281545 0.0158971 0.0816404
0.281545 0.0273857 0.0692945
0.281545 0.0388744 0.0569485
0.281545 0.050363 0.0446026
0.281545 0.0618516 0.0322567
0.281545 0.0733402 0.0199107
0.281545 0.0848288 0.0075648
0.281545 0.0963174 -0.00478114
0.281545 0.107806 -0.0171271
0.281545 0.119295 -0.029473
0.281545 0.130783 -0.041819
0.281545 0.142272 -0.0541649
0.281545 0.15376 -0.0665108
0.281545 0.165249 -0.0788568
0.281545 0.176738 -0.0912027
0.281545 0.188226 -0.103549
0.281545 0.199715 -0.115895
0.281545 0.211204 -0.128241
0.281545 0.222692 -0.140586
0.281545 0.234181 -0.152932
0.281545 0.245669 -0.165278
0.281545 0.257158 -0.177624
0.281545 0.268647 -0.18997
0.296588 -0.110478 0.229753
0.296588 -0.098989 0.217408
0.296588 -0.0875004 0.205062
0.296588 -0.0760118 0.192716
0.296588 -0.0645231 0.18037
0.296588 -0.0530345 0.168024
0.296588 -0.0415459 0.155678
0.296588 -0.0300573 0.143332
0.296588 -0.0185687 0.130986
0.296588 -0.00708009 0.11864
0.296588 0.00440852 0.106294
0.296588 0.0158971 0.0939481
0.296588 0.0273857 0.0816022
0.296588 0.0388744 0.0692563
0.296588 0.050363 0.0569103
0.296588 0.0618516 0.0445644
0.296588 0.0733402 0.0322185
0.296588 0.0848288 0.0198725
0.296588 0.0963174 0.00752659
0.296588 0.107806 -0.00481935
0.296588 0.119295 -0.0171653
0.296588 0.130783 -0.0295112
0.296588 0.142272 -0.0418572
0.296588 0.15376 -0.0542031
0.296588 0.165249 -0.066549
0.296588 0.176738 -0.078895
0.296588 0.188226 -0.0912409
0.296588 0.199715 -0.103587
0.296588 0.211204 -0.115933
0.296588 0.222692 -0.128279
0.296588 0.234181 -0.140625
0.296588 0.245669 -0.152971
0.296588 0.257158 -0.165317
0.296588 0.268647 -0.177662
0.31163 -0.098989 0.229715
0.31163 -0.0875004 0.217369
0.31163 -0.0760118 0.205023
0.31163 -0.0645231 0.192677
0.31163 -0.0530345 0.180331
0.31163 -0.0415459 0.167986
0.31163 -0.0300573 0.15564
0.31163 -0.0185687 0.143294
0.31163 -0.00708009 0.130948
0.31163 0.00440852 0.118602
0.31163 0.0158971 0.106256
0.31163 0.0273857 0.0939099
0.31163 0.0388744 0.081564
0.31163 0.050363 0.0692181
0.31163 0.0618516 0.0568721
0.31163 0.0733402 0.0445262
0.31163 0.0848288 0.0321803
0.31163 0.0963174 0.0198343
0.31163 0.107806 0.00748838
0.31163 0.119295 -0.00485755
0.31163 0.130783 -0.0172035
0.31163 0.142272 -0.0295494
0.31163 0.15376 -0.0418954
0.31163 0.165249 -0.0542413
0.31163 0.176738 -0.0665872
0.31163 0.188226 -0.0789332
0.31163 0.199715 -0.0912791
0.31163 0.211204 -0.103625
0.31163 0.222692 -0.115971
0.31163 0.234181 -0.128317
0.31163 0.245669 -0.140663
0.31163 0.257158 -0.153009
0.31163 0.268647 -0.165355
0.326673 -0.0875004 0.229677
0.326673 -0.0760118 0.217331
0.326673 -0.0645231 0.204985
0.326673 -0.0530345 0.192639
0.326673 -0.0415459 0.180293
0.326673 -0.0300573 0.167947
0.326673 -0.0185687 0.155601
0.326673 -0.00708009 0.143255
0.326673 0.00440852 0.13091
0.326673 0.0158971 0.118564
0.326673 0.0273857 0.106218
0.326673 0.0388744 0.0938717
0.326673 0.050363 0.0815258
0.326673 0.0618516 0.0691799
0.326673 0.0733402 0.0568339
0.326673 0.0848288 0.044488
0.326673 0.0963174 0.0321421
0.326673 0.107806 0.0197961
0.326673 0.119295 0.00745018
0.326673 0.130783 -0.00489576
0.326673 0.142272 -0.0172417
0.326673 0.15376 -0.0295876
0.326673 0.165249 -0.0419336
0.326673 0.176738 -0.0542795
0.326673 0.188226 -0.0666254
0.326673 0.199715 -0.0789714
0.326673 0.211204 -0.0913173
0.326673 0.222692 -0.103663
0.326673 0.234181 -0.116009
0.326673 0.245669 -0.128355
0.326673 0.257158 -0.140701
0.326673 0.268647 -0.153047
0.341716 -0.0760118 0.229639
0.341716 -0.0645231 0.217293
0.341716 -0.0530345 0.204947
0.341716 -0.0415459 0.192601
0.341716 -0.0300573 0.180255
0.341716 -0.0185687 0.167909
0.341716 -0.00708009 0.155563
0.341716 0.00440852 0.143217
0.341716 0.0158971 0.130871
0.341716 0.0273857 0.118525
0.341716 0.0388744 0.106179
0.341716 0.050363 0.0938335
0.341716 0.0618516 0.0814876
0.341716 0.0733402 0.0691417
0.341716 0.0848288 0.0567957
0.341716 0.0963174 0.0444498
0.341716 0.107806 0.0321038
0.341716 0.119295 0.0197579
0.341716 0.130783 0.00741197
0.341716 0.142272 -0.00493396
0.341716 0.15376 -0.0172799
0.341716 0.165249 -0.0296258
0.341716 0.176738 -0.0419718
0.341716 0.188226 -0.0543177
0.341716 0.199715 -0.0666636
0.341716 0.211204 -0.0790096
0.341716 0.222692 -0.0913555
0.341716 0.234181 -0.103701
0.341716 0.245669 -0.116047
0.341716 0.257158 -0.128393
0.341716 0.268647 -0.140739
0.356758 -0.0645231 0.229601
0.356758 -0.0530345 0.217255
0.356758 -0.0415459 0.204909
0.356758 -0.0300573 0.192563
0.356758 -0.0185687 0.180217
0.356758 -0.00708009 0.167871
0.356758 0.00440852 0.155525
0.356758 0.0158971 0.143179
0.356758 0.0273857 0.130833
0.356758 0.0388744 0.118487
0.356758 0.050363 0.106141
0.356758 0.0618516 0.0937953
0.356758 0.0733402 0.0814494
0.356758 0.0848288 0.0691034
0.356758 0.0963174 0.0567575
0.356758 0.107806 0.0444116
0.356758 0.119295 0.0320656
0.356758 0.130783 0.0197197
0.356758 0.142272 0.00737377
0.356758 0.15376 -0.00497217
0.356758 0.165249 -0.0173181
0.356758 0.176738 -0.029664
0.356758 0.188226 -0.04201
0.356758 0.199715 -0.0543559
0.356758 0.211204 -0.0667019
0.356758 0.222692 -0.0790478
0.356758 0.234181 -0.0913937
0.356758 0.245669 -0.10374
0.356758 0.257158 -0.116086
0.356758 0.268647 -0.128432
0.371801 -0.0530345 0.229562
0.371801 -0.0415459 0.217216
0.371801 -0.0300573 0.204871
0.371801 -0.0185687 0.192525
0.371801 -0.00708009 0.180179
0.371801 0.00440852 0.167833
0.371801 0.0158971 0.155487
0.371801 0.0273857 0.143141
0.371801 0.0388744 0.130795
0.371801 0.050363 0.118449
0.371801 0.0618516 0.106103
0.371801 0.0733402 0.0937571
0.371801 0.0848288 0.0814112
0.371801 0.0963174 0.0690652
0.371801 0.107806 0.0567193
0.371801 0.119295 0.0443734
0.371801 0.130783 0.0320274
0.371801 0.142272 0.0196815
0.371801 0.15376 0.00733556
0.371801 0.165249 -0.00501038
0.371801 0.176738 -0.0173563
0.371801 0.188226 -0.0297023
0.371801 0.199715 -0.0420482
0.371801 0.211204 -0.0543941
0.371801 0.222692 -0.0667401
0.371801 0.234181 -0.079086
0.371801 0.245669 -0.0914319
0.371801 0.257158 -0.103778
0.371801 0.268647 -0.116124
0.386844 -0.0415459 0.229524
0.386844 -0.0300573 0.217178
0.386844 -0.0185687 0.204832
0.386844 -0.00708009 0.192486
0.386844 0.00440852 0.18014
0.386844 0.0158971 0.167795
0.386844 0.0273857 0.155449
0.386844 0.0388744 0.143103
0.386844 0.050363 0.130757
0.386844 0.0618516 0.118411
0.386844 0.0733402 0.106065
0.386844 0.0848288 0.0937189
0.386844 0.0963174 0.081373
0.386844 0.107806 0.069027
0.386844 0.119295 0.0566811
0.386844 0.130783 0.0443352
0.386844 0.142272 0.0319892
0.386844 0.15376 0.0196433
0.386844 0.165249 0.00729735
0.386844 0.176738 -0.00504858
0.386844 0.188226 -0.0173945
0.386844 0.199715 -0.0297405
0.386844 0.211204 -0.0420864
0.386844 0.222692 -0.0544323
0.386844 0.234181 -0.0667783
0.386844 0.245669 -0.0791242
0.386844 0.257158 -0.0914701
0.386844 0.268647 -0.103816
-0.350245 -0.294295 -0.101944
-0.335203 -0.294295 -0.0896363
-0.32016 -0.294295 -0.0773285
-0.305117 -0.294295 -0.0650208
-0.290075 -0.294295 -0.0527131
-0.275032 -0.294295 -0.0404053
-0.25999 -0.294295 -0.0280976
-0.244947 -0.294295 -0.0157899
-0.229904 -0.294295 -0.00348214
-0.214862 -0.294295 0.00882559
-0.199819 -0.294295 0.0211333
-0.184776 -0.294295 0.0334411
-0.169734 -0.294295 0.0457488
-0.154691 -0.294295 0.0580565
-0.139649 -0.294295 0.0703642
-0.124606 -0.294295 0.082672
-0.109563 -0.294295 0.0949797
-0.0945206 -0.294295 0.107287
-0.079478 -0.294295 0.119595
-0.0644354 -0.294295 0.131903
-0.0493927 -0.294295 0.144211
-0.0343501 -0.294295 0.156518
-0.0193075 -0.294295 0.168826
-0.00426484 -0.294295 0.181134
0.0107778 -0.294295 0.193442
0.0258204 -0.294295 0.205749
0.0408631 -0.294295 0.218057
0.0559057 -0.294295 0.230365
-0.350245 -0.282807 -0.11429
-0.335203 -0.282807 -0.101982
-0.32016 -0.282807 -0.0896745
-0.305117 -0.282807 -0.0773667
-0.290075 -0.282807 -0.065059
-0.275032 -0.282807 -0.0527513
-0.25999 -0.282807 -0.0404435
-0.244947 -0.282807 -0.0281358
-0.229904 -0.282807 -0.0158281
-0.214862 -0.282807 -0.00352035
-0.199819 -0.282807 0.00878738
-0.184776 -0.282807 0.0210951
-0.169734 -0.282807 0.0334028
-0.154691 -0.282807 0.0457106
-0.139649 -0.282807 0.0580183
-0.124606 -0.282807 0.070326
-0.109563 -0.282807 0.0826338
-0.0945206 -0.282807 0.0949415
-0.079478 -0.282807 0.107249
-0.0644354 -0.282807 0.119557
-0.0493927 -0.282807 0.131865
-0.0343501 -0.282807 0.144172
-0.0193075 -0.282807 0.15648
-0.00426484 -0.282807 0.168788
0.0107778 -0.282807 0.181096
0.0258204 -0.282807 0.193403
0.0408631 -0.282807 0.205711
0.0559057 -0.282807 0.218019
0.0709483 -0.282807 0.230327
-0.350245 -0.271318 -0.126636
-0.335203 -0.271318 -0.114328
-0.32016 -0.271318 -0.10202
-0.305117 -0.271318 -0.0897127
-0.290075 -0.271318 -0.0774049
-0.275032 -0.271318 -0.0650972
-0.25999 -0.271318 -0.0527895
-0.244947 -0.271318 -0.0404817
-0.229904 -0.271318 -0.028174
-0.214862 -0.271318 -0.0158663
-0.199819 -0.271318 -0.00355855
-0.184776 -0.271318 0.00874918
-0.169734 -0.271318 0.0210569
-0.154691 -0.271318 0.0333646
-0.139649 -0.271318 0.0456724
-0.124606 -0.271318 0.0579801
-0.109563 -0.271318 0.0702878
-0.0945206 -0.271318 0.0825956
-0.079478 -0.271318 0.0949033
-0.0644354 -0.271318 0.107211
-0.0493927 -0.271318 0.119519
-0.0343501 -0.271318 0.131826
-0.0193075 -0.271318 0.144134
-0.00426484 -0.271318 0.156442
0.0107778 -0.271318 0.16875
0.0258204 -0.271318 0.181057
0.0408631 -0.271318 0.193365
0.0559057 -0.271318 0.205673
0.0709483 -0.271318 0.217981
0.085991 -0.271318 0.230288
-0.350245 -0.25983 -0.138982
-0.335203 -0.25983 -0.126674
-0.32016 -0.25983 -0.114366
-0.305117 -0.25983 -0.102059
-0.290075 -0.25983 -0.0897509
-0.275032 -0.25983 -0.0774431
-0.25999 -0.25983 -0.0651354
-0.244947 -0.25983 -0.0528277
-0.229904 -0.25983 -0.04052
-0.214862 -0.25983 -0.0282122
-0.199819 -0.25983 -0.0159045
-0.184776 -0.25983 -0.00359676
-0.169734 -0.25983 0.00871097
-0.154691 -0.25983 0.0210187
-0.139649 -0.25983 0.0333264
-0.124606 -0.25983 0.0456342
-0.109563 -0.25983 0.0579419
-0.0945206 -0.25983 0.0702496
-0.079478 -0.25983 0.0825574
-0.0644354 -0.25983 0.0948651
-0.0493927 -0.25983 0.107173
-0.0343501 -0.25983 0.119481
-0.0193075 -0.25983 0.131788
-0.00426484 -0.25983 0.144096
0.0107778 -0.25983 0.156404
0.0258204 -0.25983 0.168711
0.0408631 -0.25983 0.181019
0.0559057 -0.25983 0.193327
0.0709483 -0.25983 0.205635
0.085991 -0.25983 0.217942
0.101034 -0.25983 0.23025
-0.350245 -0.248341 -0.151328
-0.335203 -0.248341 -0.13902
-0.32016 -0.248341 -0.126712
-0.305117 -0.248341 -0.114405
-0.290075 -0.248341 -0.102097
-0.275032 -0.248341 -0.0897891
-0.25999 -0.248341 -0.0774813
-0.244947 -0.248341 -0.0651736
-0.229904 -0.248341 -0.0528659
-0.214862 -0.248341 -0.0405582
-0.199819 -0.248341 -0.0282504
-0.184776 -0.248341 -0.0159427
-0.169734 -0.248341 -0.00363496
-0.154691 -0.248341 0.00867277
-0.139649 -0.248341 0.0209805
-0.124606 -0.248341 0.0332882
-0.109563 -0.248341 0.045596
-0.0945206 -0.248341 0.0579037
-0.079478 -0.248341 0.0702114
-0.0644354 -0.248341 0.0825192
-0.0493927 -0.248341 0.0948269
-0.0343501 -0.248341 0.107135
-0.0193075 -0.248341 0.119442
-0.00426484 -0.248341 0.13175
0.0107778 -0.248341 0.144058
0.0258204 -0.248341 0.156366
0.0408631 -0.248341 0.168673
0.0559057 -0.248341 0.180981
0.0709483 -0.248341 0.193289
0.085991 -0.248341 0.205596
0.101034 -0.248341 0.217904
0.116076 -0.248341 0.230212
-0.350245 -0.236852 -0.163674
-0.335203 -0.236852 -0.151366
-0.32016 -0.236852 -0.139058
-0.305117 -0.236852 -0.12675
-0.290075 -0.236852 -0.114443
-0.275032 -0.236852 -0.102135
-0.25999 -0.236852 -0.0898273
-0.244947 -0.236852 -0.0775196
-0.229904 -0.236852 -0.0652118
-0.214862 -0.236852 -0.0529041
-0.199819 -0.236852 -0.0405964
-0.184776 -0.236852 -0.0282886
-0.169734 -0.236852 -0.0159809
-0.154691 -0.236852 -0.00367317
-0.139649 -0.236852 0.00863456
-0.124606 -0.236852 0.0209423
-0.109563 -0.236852 0.03325
-0.0945206 -0.236852 0.0455578
-0.079478 -0.236852 0.0578655
-0.0644354 -0.236852 0.0701732
-0.0493927 -0.236852 0.0824809
-0.0343501 -0.236852 0.0947887
-0.0193075 -0.236852 0.107096
-0.00426484 -0.236852 0.119404
0.0107778 -0.236852 0.131712
0.0258204 -0.236852 0.14402
0.0408631 -0.236852 0.156327
0.0559057 -0.236852 0.168635
0.0709483 -0.236852 0.180943
0.085991 -0.236852 0.193251
0.101034 -0.236852 0.205558
0.116076 -0.236852 0.217866
0.131119 -0.236852 0.230174
-0.350245 -0.225364 -0.17602
-0.335203 -0.225364 -0.163712
-0.32016 -0.225364 -0.151404
-0.305117 -0.225364 -0.139096
-0.290075 -0.225364 -0.126789
-0.275032 -0.225364 -0.114481
-0.25999 -0.225364 -0.102173
-0.244947 -0.225364 -0.0898655
-0.229904 -0.225364 -0.0775578
-0.214862 -0.225364 -0.06525
-0.199819 -0.225364 -0.0529423
-0.184776 -0.225364 -0.0406346
-0.169734 -0.225364 -0.0283268
-0.154691 -0.225364 -0.0160191
-0.139649 -0.225364 -0.00371138
-0.124606 -0.225364 0.00859635
-0.109563 -0.225364 0.0209041
-0.0945206 -0.225364 0.0332118
-0.079478 -0.225364 0.0455195
-0.0644354 -0.225364 0.0578273
-0.0493927 -0.225364 0.070135
-0.0343501 -0.225364 0.0824427
-0.0193075 -0.225364 0.0947505
-0.00426484 -0.225364 0.107058
0.0107778 -0.225364 0.119366
0.0258204 -0.225364 0.131674
0.0408631 -0.225364 0.143981
0.0559057 -0.225364 0.156289
0.0709483 -0.225364 0.168597
0.085991 -0.225364 0.180905
0.101034 -0.225364 0.193212
0.116076 -0.225364 0.20552
0.131119 -0.225364 0.217828
0.146161 -0.225364 0.230136
-0.350245 -0.213875 -0.188366
-0.335203 -0.213875 -0.176058
-0.32016 -0.213875 -0.16375
-0.305117 -0.213875 -0.151442
-0.290075 -0.213875 -0.139135
-0.275032 -0.213875 -0.126827
-0.25999 -0.213875 -0.114519
-0.244947 -0.213875 -0.102211
-0.229904 -0.213875 -0.0899037
-0.214862 -0.213875 -0.077596
-0.199819 -0.213875 -0.0652882
-0.184776 -0.213875 -0.0529805
-0.169734 -0.213875 -0.0406728
-0.154691 -0.213875 -0.028365
-0.139649 -0.213875 -0.0160573
-0.124606 -0.213875 -0.00374958
-0.109563 -0.213875 0.00855815
-0.0945206 -0.213875 0.0208659
-0.079478 -0.213875 0.0331736
-0.0644354 -0.213875 0.0454813
-0.0493927 -0.213875 0.0577891
-0.0343501 -0.213875 0.0700968
-0.0193075 -0.213875 0.0824045
-0.00426484 -0.213875 0.0947123
0.0107778 -0.213875 0.10702
0.0258204 -0.213875 0.119328
0.0408631 -0.213875 0.131635
0.0559057 -0.213875 0.143943
0.0709483 -0.213875 0.156251
0.085991 -0.213875 0.168559
0.101034 -0.213875 0.180866
0.116076 -0.213875 0.193174
0.131119 -0.213875 0.205482
0.146161 -0.213875 0.21779
0.161204 -0.213875 0.230097
-0.350245 -0.202386 -0.200711
-0.335203 -0.202386 -0.188404
-0.32016 -0.202386 -0.176096
-0.305117 -0.202386 -0.163788
-0.290075 -0.202386 -0.151481
-0.275032 -0.202386 -0.139173
-0.25999 -0.202386 -0.126865
-0.244947 -0.202386 -0.114557
-0.229904 -0.202386 -0.10225
-0.214862 -0.202386 -0.0899419
-0.199819 -0.202386 -0.0776342
-0.184776 -0.202386 -0.0653264
-0.169734 -0.202386 -0.0530187
-0.154691 -0.202386 -0.040711
-0.139649 -0.202386 -0.0284032
-0.124606 -0.202386 -0.0160955
-0.109563 -0.202386 -0.00378779
-0.0945206 -0.202386 0.00851994
-0.079478 -0.202386 0.0208277
-0.0644354 -0.202386 0.0331354
-0.0493927 -0.202386 0.0454431
-0.0343501 -0.202386 0.0577509
-0.0193075 -0.202386 0.0700586
-0.00426484 -0.202386 0.0823663
0.0107778 -0.202386 0.0946741
0.0258204 -0.202386 0.106982
0.0408631 -0.202386 0.11929
0.0559057 -0.202386 0.131597
0.0709483 -0.202386 0.143905
0.085991 -0.202386 0.156213
0.101034 -0.202386 0.16852
0.116076 -0.202386 0.180828
0.131119 -0.202386 0.193136
0.146161 -0.202386 0.205444
0.161204 -0.202386 0.217751
0.176247 -0.202386 0.230059
-0.350245 -0.190898 -0.213057
-0.335203 -0.190898 -0.20075
-0.32016 -0.190898 -0.188442
-0.305117 -0.190898 -0.176134
-0.290075 -0.190898 -0.163826
-0.275032 -0.190898 -0.151519
-0.25999 -0.190898 -0.139211
-0.244947 -0.190898 -0.126903
-0.229904 -0.190898 -0.114596
-0.214862 -0.190898 -0.102288
-0.199819 -0.190898 -0.0899801
-0.184776 -0.190898 -0.0776724
-0.169734 -0.190898 -0.0653646
-0.154691 -0.190898 -0.0530569
-0.139649 -0.190898 -0.0407492
-0.124606 -0.190898 -0.0284415
-0.109563 -0.190898 -0.0161337
-0.0945206 -0.190898 -0.00382599
-0.079478 -0.190898 0.00848174
-0.0644354 -0.190898 0.0207895
-0.0493927 -0.190898 0.0330972
-0.0343501 -0.190898 0.0454049
-0.0193075 -0.190898 0.0577127
-0.00426484 -0.190898 0.0700204
0.0107778 -0.190898 0.0823281
0.0258204 -0.190898 0.0946359
0.0408631 -0.190898 0.106944
0.0559057 -0.190898 0.119251
0.0709483 -0.190898 0.131559
0.085991 -0.190898 0.143867
0.101034 -0.190898 0.156175
0.116076 -0.190898 0.168482
0.131119 -0.190898 0.18079
0.146161 -0.190898 0.193098
0.161204 -0.190898 0.205405
0.176247 -0.190898 0.217713
0.191289 -0.190898 0.230021
-0.350245 -0.179409 -0.225403
-0.335203 -0.179409 -0.213096
-0.32016 -0.179409 -0.200788
-0.305117 -0.179409 -0.18848
-0.290075 -0.179409 -0.176172
-0.275032 -0.179409 -0.163865
-0.25999 -0.179409 -0.151557
-0.244947 -0.179409 -0.139249
-0.229904 -0.179409 -0.126942
-0.214862 -0.179409 -0.114634
-0.199819 -0.179409 -0.102326
-0.184776 -0.179409 -0.0900183
-0.169734 -0.179409 -0.0777106
-0.154691 -0.179409 -0.0654029
-0.139649 -0.179409 -0.0530951
-0.124606 -0.179409 -0.0407874
-0.109563 -0.179409 -0.0284797
-0.0945206 -0.179409 -0.0161719
-0.079478 -0.179409 -0.0038642
-0.0644354 -0.179409 0.00844353
-0.0493927 -0.179409 0.0207513
-0.0343501 -0.179409 0.033059
-0.0193075 -0.179409 0.0453667
-0.00426484 -0.179409 0.0576745
0.0107778 -0.179409 0.0699822
0.0258204 -0.179409 0.0822899
0.0408631 -0.179409 0.0945976
0.0559057 -0.179409 0.106905
0.0709483 -0.179409 0.119213
0.085991 -0.179409 0.131521
0.101034 -0.179409 0.143829
0.116076 -0.179409 0.156136
0.131119 -0.179409 0.168444
0.146161 -0.179409 0.180752
0.161204 -0.179409 0.193059
0.176247 -0.179409 0.205367
0.191289 -0.179409 0.217675
0.206332 -0.179409 0.229983
-0.350245 -0.167921 -0.237749
-0.335203 -0.167921 -0.225442
-0.32016 -0.167921 -0.213134
-0.305117 -0.167921 -0.200826
-0.290075 -0.167921 -0.188518
-0.275032 -0.167921 -0.176211
-0.25999 -0.167921 -0.163903
-0.244947 -0.167921 -0.151595
-0.229904 -0.167921 -0.139287
-0.214862 -0.167921 -0.12698
-0.199819 -0.167921 -0.114672
-0.184776 -0.167921 -0.102364
-0.169734 -0.167921 -0.0900565
-0.154691 -0.167921 -0.0777488
-0.139649 -0.167921 -0.0654411
-0.124606 -0.167921 -0.0531333
-0.109563 -0.167921 -0.0408256
-0.0945206 -0.167921 -0.0285179
-0.079478 -0.167921 -0.0162101
-0.0644354 -0.167921 -0.00390241
-0.0493927 -0.167921 0.00840533
-0.0343501 -0.167921 0.0207131
-0.0193075 -0.167921 0.0330208
-0.00426484 -0.167921 0.0453285
0.0107778 -0.167921 0.0576362
0.0258204 -0.167921 0.069944
0.0408631 -0.167921 0.0822517
0.0559057 -0.167921 0.0945594
0.0709483 -0.167921 0.106867
0.085991 -0.167921 0.119175
0.101034 -0.167921 0.131483
0.116076 -0.167921 0.14379
0.131119 -0.167921 0.156098
0.146161 -0.167921 0.168406
0.161204 -0.167921 0.180714
0.176247 -0.167921 0.193021
0.191289 -0.167921 0.205329
0.206332 -0.167921 0.217637
0.221375 -0.167921 0.229944
-0.350245 -0.156432 -0.250095
-0.335203 -0.156432 -0.237787
-0.32016 -0.156432 -0.22548
-0.305117 -0.156432 -0.213172
-0.290075 -0.156432 -0.200864
-0.275032 -0.156432 -0.188557
-0.25999 -0.156432 -0.176249
-0.244947 -0.156432 -0.163941
-0.229904 -0.156432 -0.151633
-0.214862 -0.156432 -0.139326
-0.199819 -0.156432 -0.127018
-0.184776 -0.156432 -0.11471
-0.169734 -0.156432 -0.102402
-0.154691 -0.156432 -0.0900947
-0.139649 -0.156432 -0.077787
-0.124606 -0.156432 -0.0654793
-0.109563 -0.156432 -0.0531715
-0.0945206 -0.156432 -0.0408638
-0.079478 -0.156432 -0.0285561
-0.0644354 -0.156432 -0.0162483
-0.0493927 -0.156432 -0.00394061
-0.0343501 -0.156432 0.00836712
-0.0193075 -0.156432 0.0206749
-0.00426484 -0.156432 0.0329826
0.0107778 -0.156432 0.0452903
0.0258204 -0.156432 0.057598
0.0408631 -0.156432 0.0699058
0.0559057 -0.156432 0.0822135
0.0709483 -0.156432 0.0945212
0.085991 -0.156432 0.106829
0.101034 -0.156432 0.119137
0.116076 -0.156432 0.131444
0.131119 -0.156432 0.143752
0.146161 -0.156432 0.15606
0.161204 -0.156432 0.168368
0.176247 -0.156432 0.180675
0.191289 -0.156432 0.192983
0.206332 -0.156432 0.205291
0.221375 -0.156432 0.217599
0.236417 -0.156432 0.229906
-0.350245 -0.144943 -0.262441
-0.335203 -0.144943 -0.250133
-0.32016 -0.144943 -0.237826
-0.305117 -0.144943 -0.225518
-0.290075 -0.144943 -0.21321
-0.275032 -0.144943 -0.200903
-0.25999 -0.144943 -0.188595
-0.244947 -0.144943 -0.176287
-0.229904 -0.144943 -0.163979
-0.214862 -0.144943 -0.151672
-0.199819 -0.144943 -0.139364
-0.184776 -0.144943 -0.127056
-0.169734 -0.144943 -0.114748
-0.154691 -0.144943 -0.102441
-0.139649 -0.144943 -0.0901329
-0.124606 -0.144943 -0.0778252
-0.109563 -0.144943 -0.0655175
-0.0945206 -0.144943 -0.0532097
-0.079478 -0.144943 -0.040902
-0.0644354 -0.144943 -0.0285943
-0.0493927 -0.144943 -0.0162865
-0.0343501 -0.144943 -0.00397882
-0.0193075 -0.144943 0.00832891
-0.00426484 -0.144943 0.0206366
0.0107778 -0.144943 0.0329444
0.0258204 -0.144943 0.0452521
0.0408631 -0.144943 0.0575598
0.0559057 -0.144943 0.0698676
0.0709483 -0.144943 0.0821753
0.085991 -0.144943 0.094483
0.101034 -0.144943 0.106791
0.116076 -0.144943 0.119098
0.131119 -0.144943 0.131406
0.146161 -0.144943 0.143714
0.161204 -0.144943 0.156022
0.176247 -0.144943 0.168329
0.191289 -0.144943 0.180637
0.206332 -0.144943 0.192945
0.221375 -0.144943 0.205253
0.236417 -0.144943 0.21756
0.25146 -0.144943 0.229868
-0.350245 -0.133455 -0.274787
-0.335203 -0.133455 -0.262479
-0.32016 -0.133455 -0.250172
-0.305117 -0.133455 -0.237864
-0.290075 -0.133455 -0.225556
-0.275032 -0.133455 -0.213248
-0.25999 -0.133455 -0.200941
-0.244947 -0.133455 -0.188633
-0.229904 -0.133455 -0.176325
-0.214862 -0.133455 -0.164018
-0.199819 -0.133455 -0.15171
-0.184776 -0.133455 -0.139402
-0.169734 -0.133455 -0.127094
-0.154691 -0.133455 -0.114787
-0.139649 -0.133455 -0.102479
-0.124606 -0.133455 -0.0901711
-0.109563 -0.133455 -0.0778634
-0.0945206 -0.133455 -0.0655557
-0.079478 -0.133455 -0.0532479
-0.0644354 -0.133455 -0.0409402
-0.0493927 -0.133455 -0.0286325
-0.0343501 -0.133455 -0.0163248
-0.0193075 -0.133455 -0.00401702
-0.00426484 -0.133455 0.00829071
0.0107778 -0.133455 0.0205984
0.0258204 -0.133455 0.0329062
0.0408631 -0.133455 0.0452139
0.0559057 -0.133455 0.0575216
0.0709483 -0.133455 0.0698294
0.085991 -0.133455 0.0821371
0.101034 -0.133455 0.0944448
0.116076 -0.133455 0.106753
0.131119 -0.133455 0.11906
0.146161 -0.133455 0.131368
0.161204 -0.133455 0.143676
0.176247 -0.133455 0.155983
0.191289 -0.133455 0.168291
0.206332 -0.133455 0.180599
0.221375 -0.133455 0.192907
0.236417 -0.133455 0.205214
0.25146 -0.133455 0.217522
0.266503 -0.133455 0.22983
-0.335203 -0.121966 -0.274825
-0.32016 -0.121966 -0.262518
-0.305117 -0.121966 -0.25021
-0.290075 -0.121966 -0.237902
-0.275032 -0.121966 -0.225594
-0.25999 -0.121966 -0.213287
-0.244947 -0.121966 -0.200979
-0.229904 -0.121966 -0.188671
-0.214862 -0.121966 -0.176363
-0.199819 -0.121966 -0.164056
-0.184776 -0.121966 -0.151748
-0.169734 -0.121966 -0.13944
-0.154691 -0.121966 -0.127133
-0.139649 -0.121966 -0.114825
-0.124606 -0.121966 -0.102517
-0.109563 -0.121966 -0.0902093
-0.0945206 -0.121966 -0.0779016
-0.079478 -0.121966 -0.0655939
-0.0644354 -0.121966 -0.0532862
-0.0493927 -0.121966 -0.0409784
-0.0343501 -0.121966 -0.0286707
-0.0193075 -0.121966 -0.016363
-0.00426484 -0.121966 -0.00405523
0.0107778 -0.121966 0.0082525
0.0258204 -0.121966 0.0205602
0.0408631 -0.121966 0.032868
0.0559057 -0.121966 0.0451757
0.0709483 -0.121966 0.0574834
0.085991 -0.121966 0.0697912
0.101034 -0.121966 0.0820989
0.116076 -0.121966 0.0944066
0.131119 -0.121966 0.106714
0.146161 -0.121966 0.119022
0.161204 -0.121966 0.13133
0.176247 -0.121966 0.143638
0.191289 -0.121966 0.155945
0.206332 -0.121966 0.168253
0.221375 -0.121966 0.180561
0.236417 -0.121966 0.192868
0.25146 -0.121966 0.205176
0.266503 -0.121966 0.217484
0.281545 -0.121966 0.229792
-0.32016 -0.110478 -0.274864
-0.305117 -0.110478 -0.262556
-0.290075 -0.110478 -0.250248
-0.275032 -0.110478 -0.23794
-0.25999 -0.110478 -0.225633
-0.244947 -0.110478 -0.213325
-0.229904 -0.110478 -0.201017
-0.214862 -0.110478 -0.188709
-0.199819 -0.110478 -0.176402
-0.184776 -0.110478 -0.164094
-0.169734 -0.110478 -0.151786
-0.154691 -0.110478 -0.139478
-0.139649 -0.110478 -0.127171
-0.124606 -0.110478 -0.114863
-0.109563 -0.110478 -0.102555
-0.0945206 -0.110478 -0.0902476
-0.079478 -0.110478 -0.0779398
-0.0644354 -0.110478 -0.0656321
-0.0493927 -0.110478 -0.0533244
-0.0343501 -0.110478 -0.0410166
-0.0193075 -0.110478 -0.0287089
-0.00426484 -0.110478 -0.0164012
0.0107778 -0.110478 -0.00409344
0.0258204 -0.110478 0.0082143
0.0408631 -0.110478 0.020522
0.0559057 -0.110478 0.0328298
0.0709483 -0.110478 0.0451375
0.085991 -0.110478 0.0574452
0.101034 -0.110478 0.0697529
0.116076 -0.110478 0.0820607
0.131119 -0.110478 0.0943684
0.146161 -0.110478 0.106676
0.161204 -0.110478 0.118984
0.176247 -0.110478 0.131292
0.191289 -0.110478 0.143599
0.206332 -0.110478 0.155907
0.221375 -0.110478 0.168215
0.236417 -0.110478 0.180523
0.25146 -0.110478 0.19283
0.266503 -0.110478 0.205138
0.281545 -0.110478 0.217446
0.296588 -0.110478 0.229753
-0.305117 -0.098989 -0.274902
-0.290075 -0.098989 -0.262594
-0.275032 -0.098989 -0.250286
-0.25999 -0.098989 -0.237979
-0.244947 -0.098989 -0.225671
-0.229904 -0.098989 -0.213363
-0.214862 -0.098989 -0.201055
-0.199819 -0.098989 -0.188748
-0.184776 -0.098989 -0.17644
-0.169734 -0.098989 -0.164132
-0.154691 -0.098989 -0.151824
-0.139649 -0.098989 -0.139517
-0.124606 -0.098989 -0.127209
-0.109563 -0.098989 -0.114901
-0.0945206 -0.098989 -0.102593
-0.079478 -0.098989 -0.0902858
-0.0644354 -0.098989 -0.077978
-0.0493927 -0.098989 -0.0656703
-0.0343501 -0.098989 -0.0533626
-0.0193075 -0.098989 -0.0410548
-0.00426484 -0.098989 -0.0287471
0.0107778 -0.098989 -0.0164394
0.0258204 -0.098989 -0.00413164
0.0408631 -0.098989 0.00817609
0.0559057 -0.098989 0.0204838
0.0709483 -0.098989 0.0327916
0.085991 -0.098989 0.0450993
0.101034 -0.098989 0.057407
0.116076 -0.098989 0.0697147
0.131119 -0.098989 0.0820225
0.146161 -0.098989 0.0943302
0.161204 -0.098989 0.106638
0.176247 -0.098989 0.118946
0.191289 -0.098989 0.131253
0.206332 -0.098989 0.143561
0.221375 -0.098989 0.155869
0.236417 -0.098989 0.168177
0.25146 -0.098989 0.180484
0.266503 -0.098989 0.192792
0.281545 -0.098989 0.2051
0.296588 -0.098989 0.217408
0.31163 -0.098989 0.229715
-0.290075 -0.0875004 -0.27494
-0.275032 -0.0875004 -0.262632
-0.25999 -0.0875004 -0.250324
-0.244947 -0.0875004 -0.238017
-0.229904 -0.0875004 -0.225709
-0.214862 -0.0875004 -0.213401
-0.199819 -0.0875004 -0.201094
-0.184776 -0.0875004 -0.188786
-0.169734 -0.0875004 -0.176478
-0.154691 -0.0875004 -0.16417
-0.139649 -0.0875004 -0.151863
-0.124606 -0.0875004 -0.139555
-0.109563 -0.0875004 -0.127247
-0.0945206 -0.0875004 -0.114939
-0.079478 -0.0875004 -0.102632
-0.0644354 -0.0875004 -0.090324
-0.0493927 -0.0875004 -0.0780162
-0.0343501 -0.0875004 -0.0657085
-0.0193075 -0.0875004 -0.0534008
-0.00426484 -0.0875004 -0.041093
0.0107778 -0.0875004 -0.0287853
0.0258204 -0.0875004 -0.0164776
0.0408631 -0.0875004 -0.00416985
0.0559057 -0.0875004 0.00813788
0.0709483 -0.0875004 0.0204456
0.085991 -0.0875004 0.0327533
0.101034 -0.0875004 0.0450611
0.116076 -0.0875004 0.0573688
0.131119 -0.0875004 0.0696765
0.146161 -0.0875004 0.0819843
0.161204 -0.0875004 0.094292
0.176247 -0.0875004 0.1066
0.191289 -0.0875004 0.118907
0.206332 -0.0875004 0.131215
0.221375 -0.0875004 0.143523
0.236417 -0.0875004 0.155831
0.25146 -0.0875004 0.168138
0.266503 -0.0875004 0.180446
0.281545 -0.0875004 0.192754
0.296588 -0.0875004 0.205062
0.31163 -0.0875004 0.217369
0.326673 -0.0875004 0.229677
-0.275032 -0.0760118 -0.274978
-0.25999 -0.0760118 -0.26267
-0.244947 -0.0760118 -0.250363
-0.229904 -0.0760118 -0.238055
-0.214862 -0.0760118 -0.225747
-0.199819 -0.0760118 -0.213439
-0.184776 -0.0760118 -0.201132
-0.169734 -0.0760118 -0.188824
-0.154691 -0.0760118 -0.176516
-0.139649 -0.0760118 -0.164209
-0.124606 -0.0760118 -0.151901
-0.109563 -0.0760118 -0.139593
-0.0945206 -0.0760118 -0.127285
-0.079478 -0.0760118 -0.114978
-0.0644354 -0.0760118 -0.10267
-0.0493927 -0.0760118 -0.0903622
-0.0343501 -0.0760118 -0.0780544
-0.0193075 -0.0760118 -0.0657467
-0.00426484 -0.0760118 -0.053439
0.0107778 -0.0760118 -0.0411312
0.0258204 -0.0760118 -0.0288235
0.0408631 -0.0760118 -0.0165158
0.0559057 -0.0760118 -0.00420805
0.0709483 -0.0760118 0.00809968
0.085991 -0.0760118 0.0204074
0.101034 -0.0760118 0.0327151
0.116076 -0.0760118 0.0450229
0.131119 -0.0760118 0.0573306
0.146161 -0.0760118 0.0696383
0.161204 -0.0760118 0.0819461
0.176247 -0.0760118 0.0942538
0.191289 -0.0760118 0.106562
0.206332 -0.0760118 0.118869
0.221375 -0.0760118 0.131177
0.236417 -0.0760118 0.143485
0.25146 -0.0760118 0.155792
0.266503 -0.0760118 0.1681
0.281545 -0.0760118 0.180408
0.296588 -0.0760118 0.192716
0.31163 -0.0760118 0.205023
0.326673 -0.0760118 0.217331
0.341716 -0.0760118 0.229639
-0.25999 -0.0645231 -0.275016
-0.244947 -0.0645231 -0.262709
-0.229904 -0.0645231 -0.250401
-0.214862 -0.0645231 -0.238093
-0.199819 -0.0645231 -0.225785
-0.184776 -0.0645231 -0.213478
-0.169734 -0.0645231 -0.20117
-0.154691 -0.0645231 -0.188862
-0.139649 -0.0645231 -0.176554
-0.124606 -0.0645231 -0.164247
-0.109563 -0.0645231 -0.151939
-0.0945206 -0.0645231 -0.139631
-0.079478 -0.0645231 -0.127324
-0.0644354 -0.0645231 -0.115016
-0.0493927 -0.0645231 -0.102708
-0.0343501 -0.0645231 -0.0904004
-0.0193075 -0.0645231 -0.0780926
-0.00426484 -0.0645231 -0.0657849
0.0107778 -0.0645231 -0.0534772
0.0258204 -0.0645231 -0.0411695
0.0408631 -0.0645231 -0.0288617
0.0559057 -0.0645231 -0.016554
0.0709483 -0.0645231 -0.00424626
0.085991 -0.0645231 0.00806147
0.101034 -0.0645231 0.0203692
0.116076 -0.0645231 0.0326769
0.131119 -0.0645231 0.0449847
0.146161 -0.0645231 0.0572924
0.161204 -0.0645231 0.0696001
0.176247 -0.0645231 0.0819079
0.191289 -0.0645231 0.0942156
0.206332 -0.0645231 0.106523
0.221375 -0.0645231 0.118831
0.236417 -0.0645231 0.131139
0.25146 -0.0645231 0.143447
0.266503 -0.0645231 0.155754
0.281545 -0.0645231 0.168062
0.296588 -0.0645231 0.18037
0.31163 -0.0645231 0.192677
0.326673 -0.0645231 0.204985
0.341716 -0.0645231 0.217293
0.356758 -0.0645231 0.229601
-0.244947 -0.0530345 -0.275055
-0.229904 -0.0530345 -0.262747
-0.214862 -0.0530345 -0.250439
-0.199819 -0.0530345 -0.238131
-0.184776 -0.0530345 -0.225824
-0.169734 -0.0530345 -0.213516
-0.154691 -0.0530345 -0.201208
-0.139649 -0.0530345 -0.1889
-0.124606 -0.0530345 -0.176593
-0.109563 -0.0530345 -0.164285
-0.0945206 -0.0530345 -0.151977
-0.079478 -0.0530345 -0.13967
-0.0644354 -0.0530345 -0.127362
-0.0493927 -0.0530345 -0.115054
-0.0343501 -0.0530345 -0.102746
-0.0193075 -0.0530345 -0.0904386
-0.00426484 -0.0530345 -0.0781308
0.0107778 -0.0530345 -0.0658231
0.0258204 -0.0530345 -0.0535154
0.0408631 -0.0530345 -0.0412077
0.0559057 -0.0530345 -0.0288999
0.0709483 -0.0530345 -0.0165922
0.085991 -0.0530345 -0.00428446
0.101034 -0.0530345 0.00802327
0.116076 -0.0530345 0.020331
0.131119 -0.0530345 0.0326387
0.146161 -0.0530345 0.0449465
0.161204 -0.0530345 0.0572542
0.176247 -0.0530345 0.0695619
0.191289 -0.0530345 0.0818697
0.206332 -0.0530345 0.0941774
0.221375 -0.0530345 0.106485
0.236417 -0.0530345 0.118793
0.25146 -0.0530345 0.131101
0.266503 -0.0530345 0.143408
0.281545 -0.0530345 0.155716
0.296588 -0.0530345 0.168024
0.31163 -0.0530345 0.180331
0.326673 -0.0530345 0.192639
0.341716 -0.0530345 0.204947
0.356758 -0.0530345 0.217255
0.371801 -0.0530345 0.229562
-0.229904 -0.0415459 -0.275093
-0.214862 -0.0415459 -0.262785
-0.199819 -0.0415459 -0.250477
-0.184776 -0.0415459 -0.23817
-0.169734 -0.0415459 -0.225862
-0.154691 -0.0415459 -0.213554
-0.139649 -0.0415459 -0.201246
-0.124606 -0.0415459 -0.188939
-0.109563 -0.0415459 -0.176631
-0.0945206 -0.0415459 -0.164323
-0.079478 -0.0415459 -0.152015
-0.0644354 -0.0415459 -0.139708
-0.0493927 -0.0415459 -0.1274
-0.0343501 -0.0415459 -0.115092
-0.0193075 -0.0415459 -0.102785
-0.00426484 -0.0415459 -0.0904768
0.0107778 -0.0415459 -0.0781691
0.0258204 -0.0415459 -0.0658613
0.0408631 -0.0415459 -0.0535536
0.0559057 -0.0415459 -0.0412459
0.0709483 -0.0415459 -0.0289381
0.085991 -0.0415459 -0.0166304
0.101034 -0.0415459 -0.00432267
0.116076 -0.0415459 0.00798506
0.131119 -0.0415459 0.0202928
0.146161 -0.0415459 0.0326005
0.161204 -0.0415459 0.0449083
0.176247 -0.0415459 0.057216
0.191289 -0.0415459 0.0695237
0.206332 -0.0415459 0.0818314
0.221375 -0.0415459 0.0941392
0.236417 -0.0415459 0.106447
0.25146 -0.0415459 0.118755
0.266503 -0.0415459 0.131062
0.281545 -0.0415459 0.14337
0.296588 -0.0415459 0.155678
0.31163 -0.0415459 0.167986
0.326673 -0.0415459 0.180293
0.341716 -0.0415459 0.192601
0.356758 -0.0415459 0.204909
0.371801 -0.0415459 0.217216
0.386844 -0.0415459 0.229524
-0.214862 -0.0300573 -0.275131
-0.199819 -0.0300573 -0.262823
-0.184776 -0.0300573 -0.250515
-0.169734 -0.0300573 -0.238208
-0.154691 -0.0300573 -0.2259
-0.139649 -0.0300573 -0.213592
-0.124606 -0.0300573 -0.201285
-0.109563 -0.0300573 -0.188977
-0.0945206 -0.0300573 -0.176669
-0.079478 -0.0300573 -0.164361
-0.0644354 -0.0300573 -0.152054
-0.0493927 -0.0300573 -0.139746
-0.0343501 -0.0300573 -0.127438
-0.0193075 -0.0300573 -0.11513
-0.00426484 -0.0300573 -0.102823
0.0107778 -0.0300573 -0.090515
0.0258204 -0.0300573 -0.0782073
0.0408631 -0.0300573 -0.0658995
0.0559057 -0.0300573 -0.0535918
0.0709483 -0.0300573 -0.0412841
0.085991 -0.0300573 -0.0289763
0.101034 -0.0300573 -0.0166686
0.116076 -0.0300573 -0.00436088
0.131119 -0.0300573 0.00794685
0.146161 -0.0300573 0.0202546
0.161204 -0.0300573 0.0325623
0.176247 -0.0300573 0.04487
0.191289 -0.0300573 0.0571778
0.206332 -0.0300573 0.0694855
0.221375 -0.0300573 0.0817932
0.236417 -0.0300573 0.094101
0.25146 -0.0300573 0.106409
0.266503 -0.0300573 0.118716
0.281545 -0.0300573 0.131024
0.296588 -0.0300573 0.143332
0.31163 -0.0300573 0.15564
0.326673 -0.0300573 0.167947
0.341716 -0.0300573 0.180255
0.356758 -0.0300573 0.192563
0.371801 -0.0300573 0.204871
0.386844 -0.0300573 0.217178
-0.199819 -0.0185687 -0.275169
-0.184776 -0.0185687 -0.262861
-0.169734 -0.0185687 -0.250554
-0.154691 -0.0185687 -0.238246
-0.139649 -0.0185687 -0.225938
-0.124606 -0.0185687 -0.213631
-0.109563 -0.0185687 -0.201323
-0.0945206 -0.0185687 -0.189015
-0.079478 -0.0185687 -0.176707
-0.0644354 -0.0185687 -0.1644
-0.0493927 -0.0185687 -0.152092
-0.0343501 -0.0185687 -0.139784
-0.0193075 -0.0185687 -0.127476
-0.00426484 -0.0185687 -0.115169
0.0107778 -0.0185687 -0.102861
0.0258204 -0.0185687 -0.0905532
0.0408631 -0.0185687 -0.0782455
0.0559057 -0.0185687 -0.0659377
0.0709483 -0.0185687 -0.05363
0.085991 -0.0185687 -0.0413223
0.101034 -0.0185687 -0.0290145
0.116076 -0.0185687 -0.0167068
0.131119 -0.0185687 -0.00439908
0.146161 -0.0185687 0.00790865
0.161204 -0.0185687 0.0202164
0.176247 -0.0185687 0.0325241
0.191289 -0.0185687 0.0448318
0.206332 -0.0185687 0.0571396
0.221375 -0.0185687 0.0694473
0.236417 -0.0185687 0.081755
0.25146 -0.0185687 0.0940628
0.266503 -0.0185687 0.10637
0.281545 -0.0185687 0.118678
0.296588 -0.0185687 0.130986
0.31163 -0.0185687 0.143294
0.326673 -0.0185687 0.155601
0.341716 -0.0185687 0.167909
0.356758 -0.0185687 0.180217
0.371801 -0.0185687 0.192525
0.386844 -0.0185687 0.204832
-0.184776 -0.00708009 -0.275207
-0.169734 -0.00708009 -0.2629
-0.154691 -0.00708009 -0.250592
-0.139649 -0.00708009 -0.238284
-0.124606 -0.00708009 -0.225976
-0.109563 -0.00708009 -0.213669
-0.0945206 -0.00708009 -0.201361
-0.079478 -0.00708009 -0.189053
-0.0644354 -0.00708009 -0.176746
-0.0493927 -0.00708009 -0.164438
-0.0343501 -0.00708009 -0.15213
-0.0193075 -0.00708009 -0.139822
-0.00426484 -0.00708009 -0.127515
0.0107778 -0.00708009 -0.115207
0.0258204 -0.00708009 -0.102899
0.0408631 -0.00708009 -0.0905914
0.0559057 -0.00708009 -0.0782837
0.0709483 -0.00708009 -0.0659759
0.085991 -0.00708009 -0.0536682
0.101034 -0.00708009 -0.0413605
0.116076 -0.00708009 -0.0290527
0.131119 -0.00708009 -0.016745
0.146161 -0.00708009 -0.00443729
0.161204 -0.00708009 0.00787044
0.176247 -0.00708009 0.0201782
0.191289 -0.00708009 0.0324859
0.206332 -0.00708009 0.0447936
0.221375 -0.00708009 0.0571014
0.236417 -0.00708009 0.0694091
0.25146 -0.00708009 0.0817168
0.266503 -0.00708009 0.0940246
0.281545 -0.00708009 0.106332
0.296588 -0.00708009 0.11864
0.31163 -0.00708009 0.130948
0.326673 -0.00708009 0.143255
0.341716 -0.00708009 0.155563
0.356758 -0.00708009 0.167871
0.371801 -0.00708009 0.180179
0.386844 -0.00708009 0.192486
-0.169734 0.00440852 -0.275246
-0.154691 0.00440852 -0.262938
-0.139649 0.00440852 -0.25063
-0.124606 0.00440852 -0.238322
-0.109563 0.00440852 -0.226015
-0.0945206 0.00440852 -0.213707
-0.079478 0.00440852 -0.201399
-0.0644354 0.00440852 -0.189091
-0.0493927 0.00440852 -0.176784
-0.0343501 0.00440852 -0.164476
-0.0193075 0.00440852 -0.152168
-0.00426484 0.00440852 -0.139861
0.0107778 0.00440852 -0.127553
0.0258204 0.00440852 -0.115245
0.0408631 0.00440852 -0.102937
0.0559057 0.00440852 -0.0906296
0.0709483 0.00440852 -0.0783219
0.085991 0.00440852 -0.0660141
0.101034 0.00440852 -0.0537064
0.116076 0.00440852 -0.0413987
0.131119 0.00440852 -0.029091
0.146161 0.00440852 -0.0167832
0.161204 0.00440852 -0.00447549
0.176247 0.00440852 0.00783224
0.191289 0.00440852 0.02014
0.206332 0.00440852 0.0324477
0.221375 0.00440852 0.0447554
0.236417 0.00440852 0.0570632
0.25146 0.00440852 0.0693709
0.266503 0.00440852 0.0816786
0.281545 0.00440852 0.0939864
0.296588 0.00440852 0.106294
0.31163 0.00440852 0.118602
0.326673 0.00440852 0.13091
0.341716 0.00440852 0.143217
0.356758 0.00440852 0.155525
0.371801 0.00440852 0.167833
0.386844 0.00440852 0.18014
-0.154691 0.0158971 -0.275284
-0.139649 0.0158971 -0.262976
-0.124606 0.0158971 -0.250668
-0.109563 0.0158971 -0.238361
-0.0945206 0.0158971 -0.226053
-0.079478 0.0158971 -0.213745
-0.0644354 0.0158971 -0.201437
-0.0493927 0.0158971 -0.18913
-0.0343501 0.0158971 -0.176822
-0.0193075 0.0158971 -0.164514
-0.00426484 0.0158971 -0.152206
0.0107778 0.0158971 -0.139899
0.0258204 0.0158971 -0.127591
0.0408631 0.0158971 -0.115283
0.0559057 0.0158971 -0.102976
0.0709483 0.0158971 -0.0906678
0.085991 0.0158971 -0.0783601
0.101034 0.0158971 -0.0660524
0.116076 0.0158971 -0.0537446
0.131119 0.0158971 -0.0414369
0.146161 0.0158971 -0.0291292
0.161204 0.0158971 -0.0168214
0.176247 0.0158971 -0.0045137
0.191289 0.0158971 0.00779403
0.206332 0.0158971 0.0201018
0.221375 0.0158971 0.0324095
0.236417 0.0158971 0.0447172
0.25146 0.0158971 0.057025
0.266503 0.0158971 0.0693327
0.281545 0.0158971 0.0816404
0.296588 0.0158971 0.0939481
0.31163 0.0158971 0.106256
0.326673 0.0158971 0.118564
0.341716 0.0158971 0.130871
0.356758 0.0158971 0.143179
0.371801 0.0158971 0.155487
0.386844 0.0158971 0.167795
-0.139649 0.0273857 -0.275322
-0.124606 0.0273857 -0.263014
-0.109563 0.0273857 -0.250707
-0.0945206 0.0273857 -0.238399
-0.079478 0.0273857 -0.226091
-0.0644354 0.0273857 -0.213783
-0.0493927 0.0273857 -0.201476
-0.0343501 0.0273857 -0.189168
-0.0193075 0.0273857 -0.17686
-0.00426484 0.0273857 -0.164552
0.0107778 0.0273857 -0.152245
0.0258204 0.0273857 -0.139937
0.0408631 0.0273857 -0.127629
0.0559057 0.0273857 -0.115321
0.0709483 0.0273857 -0.103014
0.085991 0.0273857 -0.090706
0.101034 0.0273857 -0.0783983
0.116076 0.0273857 -0.0660906
0.131119 0.0273857 -0.0537828
0.146161 0.0273857 -0.0414751
0.161204 0.0273857 -0.0291674
0.176247 0.0273857 -0.0168596
0.191289 0.0273857 -0.00455191
0.206332 0.0273857 0.00775582
0.221375 0.0273857 0.0200636
0.236417 0.0273857 0.0323713
0.25146 0.0273857 0.044679
0.266503 0.0273857 0.0569867
0.281545 0.0273857 0.0692945
0.296588 0.0273857 0.0816022
0.31163 0.0273857 0.0939099
0.326673 0.0273857 0.106218
0.341716 0.0273857 0.118525
0.356758 0.0273857 0.130833
0.371801 0.0273857 0.143141
0.386844 0.0273857 0.155449
-0.124606 0.0388744 -0.27536
-0.109563 0.0388744 -0.263052
-0.0945206 0.0388744 -0.250745
-0.079478 0.0388744 -0.238437
-0.0644354 0.0388744 -0.226129
-0.0493927 0.0388744 -0.213822
-0.0343501 0.0388744 -0.201514
-0.0193075 0.0388744 -0.189206
-0.00426484 0.0388744 -0.176898
0.0107778 0.0388744 -0.164591
0.0258204 0.0388744 -0.152283
0.0408631 0.0388744 -0.139975
0.0559057 0.0388744 -0.127667
0.0709483 0.0388744 -0.11536
0.085991 0.0388744 -0.103052
0.101034 0.0388744 -0.0907442
0.116076 0.0388744 -0.0784365
0.131119 0.0388744 -0.0661288
0.146161 0.0388744 -0.053821
0.161204 0.0388744 -0.0415133
0.176247 0.0388744 -0.0292056
0.191289 0.0388744 -0.0168978
0.206332 0.0388744 -0.00459011
0.221375 0.0388744 0.00771762
0.236417 0.0388744 0.0200253
0.25146 0.0388744 0.0323331
0.266503 0.0388744 0.0446408
0.281545 0.0388744 0.0569485
0.296588 0.0388744 0.0692563
0.31163 0.0388744 0.081564
0.326673 0.0388744 0.0938717
0.341716 0.0388744 0.106179
0.356758 0.0388744 0.118487
0.371801 0.0388744 0.130795
0.386844 0.0388744 0.143103
-0.109563 0.050363 -0.275398
-0.0945206 0.050363 -0.263091
-0.079478 0.050363 -0.250783
-0.0644354 0.050363 -0.238475
-0.0493927 0.050363 -0.226167
-0.0343501 0.050363 -0.21386
-0.0193075 0.050363 -0.201552
-0.00426484 0.050363 -0.189244
0.0107778 0.050363 -0.176937
0.0258204 0.050363 -0.164629
0.0408631 0.050363 -0.152321
0.0559057 0.050363 -0.140013
0.0709483 0.050363 -0.127706
0.085991 0.050363 -0.115398
0.101034 0.050363 -0.10309
0.116076 0.050363 -0.0907824
0.131119 0.050363 -0.0784747
0.146161 0.050363 -0.066167
0.161204 0.050363 -0.0538592
0.176247 0.050363 -0.0415515
0.191289 0.050363 -0.0292438
0.206332 0.050363 -0.016936
0.221375 0.050363 -0.00462832
0.236417 0.050363 0.00767941
0.25146 0.050363 0.0199871
0.266503 0.050363 0.0322949
0.281545 0.050363 0.0446026
0.296588 0.050363 0.0569103
0.31163 0.050363 0.0692181
0.326673 0.050363 0.0815258
0.341716 0.050363 0.0938335
0.356758 0.050363 0.106141
0.371801 0.050363 0.118449
0.386844 0.050363 0.130757
-0.0945206 0.0618516 -0.275437
-0.079478 0.0618516 -0.263129
-0.0644354 0.0618516 -0.250821
-0.0493927 0.0618516 -0.238513
-0.0343501 0.0618516 -0.226206
-0.0193075 0.0618516 -0.213898
-0.00426484 0.0618516 -0.20159
0.0107778 0.0618516 -0.189282
0.0258204 0.0618516 -0.176975
0.0408631 0.0618516 -0.164667
0.0559057 0.0618516 -0.152359
0.0709483 0.0618516 -0.140052
0.085991 0.0618516 -0.127744
0.101034 0.0618516 -0.115436
0.116076 0.0618516 -0.103128
0.131119 0.0618516 -0.0908206
0.146161 0.0618516 -0.0785129
0.161204 0.0618516 -0.0662052
0.176247 0.0618516 -0.0538974
0.191289 0.0618516 -0.0415897
0.206332 0.0618516 -0.029282
0.221375 0.0618516 -0.0169743
0.236417 0.0618516 -0.00466652
0.25146 0.0618516 0.00764121
0.266503 0.0618516 0.0199489
0.281545 0.0618516 0.0322567
0.296588 0.0618516 0.0445644
0.31163 0.0618516 0.0568721
0.326673 0.0618516 0.0691799
0.341716 0.0618516 0.0814876
0.356758 0.0618516 0.0937953
0.371801 0.0618516 0.106103
0.386844 0.0618516 0.118411
-0.079478 0.0733402 -0.275475
-0.0644354 0.0733402 -0.263167
-0.0493927 0.0733402 -0.250859
-0.0343501 0.0733402 -0.238552
-0.0193075 0.0733402 -0.226244
-0.00426484 0.0733402 -0.213936
0.0107778 0.0733402 -0.201628
0.0258204 0.0733402 -0.189321
0.0408631 0.0733402 -0.177013
0.0559057 0.0733402 -0.164705
0.0709483 0.0733402 -0.152397
0.085991 0.0733402 -0.14009
0.101034 0.0733402 -0.127782
0.116076 0.0733402 -0.115474
0.131119 0.0733402 -0.103167
0.146161 0.0733402 -0.0908588
0.161204 0.0733402 -0.0785511
0.176247 0.0733402 -0.0662434
0.191289 0.0733402 -0.0539357
0.206332 0.0733402 -0.0416279
0.221375 0.0733402 -0.0293202
0.236417 0.0733402 -0.0170125
0.25146 0.0733402 -0.00470473
0.266503 0.0733402 0.007603
0.281545 0.0733402 0.0199107
0.296588 0.0733402 0.0322185
0.31163 0.0733402 0.0445262
0.326673 0.0733402 0.0568339
0.341716 0.0733402 0.0691417
0.356758 0.0733402 0.0814494
0.371801 0.0733402 0.0937571
0.386844 0.0733402 0.106065
-0.0644354 0.0848288 -0.275513
-0.0493927 0.0848288 -0.263205
-0.0343501 0.0848288 -0.250898
-0.0193075 0.0848288 -0.23859
-0.00426484 0.0848288 -0.226282
0.0107778 0.0848288 -0.213974
0.0258204 0.0848288 -0.201667
0.0408631 0.0848288 -0.189359
0.0559057 0.0848288 -0.177051
0.0709483 0.0848288 -0.164743
0.085991 0.0848288 -0.152436
0.101034 0.0848288 -0.140128
0.116076 0.0848288 -0.12782
0.131119 0.0848288 -0.115513
0.146161 0.0848288 -0.103205
0.161204 0.0848288 -0.0908971
0.176247 0.0848288 -0.0785893
0.191289 0.0848288 -0.0662816
0.206332 0.0848288 -0.0539739
0.221375 0.0848288 -0.0416661
0.236417 0.0848288 -0.0293584
0.25146 0.0848288 -0.0170507
0.266503 0.0848288 -0.00474294
0.281545 0.0848288 0.0075648
0.296588 0.0848288 0.0198725
0.31163 0.0848288 0.0321803
0.326673 0.0848288 0.044488
0.341716 0.0848288 0.0567957
0.356758 0.0848288 0.0691034
0.371801 0.0848288 0.0814112
0.386844 0.0848288 0.0937189
-0.0493927 0.0963174 -0.275551
-0.0343501 0.0963174 -0.263243
-0.0193075 0.0963174 -0.250936
-0.00426484 0.0963174 -0.238628
0.0107778 0.0963174 -0.22632
0.0258204 0.0963174 -0.214013
0.0408631 0.0963174 -0.201705
0.0559057 0.0963174 -0.189397
0.0709483 0.0963174 -0.177089
0.085991 0.0963174 -0.164782
0.101034 0.0963174 -0.152474
0.116076 0.0963174 -0.140166
0.131119 0.0963174 -0.127858
0.146161 0.0963174 -0.115551
0.161204 0.0963174 -0.103243
0.176247 0.0963174 -0.0909353
0.191289 0.0963174 -0.0786275
0.206332 0.0963174 -0.0663198
0.221375 0.0963174 -0.0540121
0.236417 0.0963174 -0.0417043
0.25146 0.0963174 -0.0293966
0.266503 0.0963174 -0.0170889
0.281545 0.0963174 -0.00478114
0.296588 0.0963174 0.00752659
0.31163 0.0963174 0.0198343
0.326673 0.0963174 0.0321421
0.341716 0.0963174 0.0444498
0.356758 0.0963174 0.0567575
0.371801 0.0963174 0.0690652
0.386844 0.0963174 0.081373
-0.0343501 0.107806 -0.275589
-0.0193075 0.107806 -0.263282
-0.00426484 0.107806 -0.250974
0.0107778 0.107806 -0.238666
0.0258204 0.107806 -0.226359
0.0408631 0.107806 -0.214051
0.0559057 0.107806 -0.201743
0.0709483 0.107806 -0.189435
0.085991 0.107806 -0.177128
0.101034 0.107806 -0.16482
0.116076 0.107806 -0.152512
0.131119 0.107806 -0.140204
0.146161 0.107806 -0.127897
0.161204 0.107806 -0.115589
0.176247 0.107806 -0.103281
0.191289 0.107806 -0.0909735
0.206332 0.107806 -0.0786657
0.221375 0.107806 -0.066358
0.236417 0.107806 -0.0540503
0.25146 0.107806 -0.0417425
0.266503 0.107806 -0.0294348
0.281545 0.107806 -0.0171271
0.296588 0.107806 -0.00481935
0.31163 0.107806 0.00748838
0.326673 0.107806 0.0197961
0.341716 0.107806 0.0321038
0.356758 0.107806 0.0444116
0.371801 0.107806 0.0567193
0.386844 0.107806 0.069027
-0.0193075 0.119295 -0.275628
-0.00426484 0.119295 -0.26332
0.0107778 0.119295 -0.251012
0.0258204 0.119295 -0.238704
0.0408631 0.119295 -0.226397
0.0559057 0.119295 -0.214089
0.0709483 0.119295 -0.201781
0.085991 0.119295 -0.189474
0.101034 0.119295 -0.177166
0.116076 0.119295 -0.164858
0.131119 0.119295 -0.15255
0.146161 0.119295 -0.140243
0.161204 0.119295 -0.127935
0.176247 0.119295 -0.115627
0.191289 0.119295 -0.103319
0.206332 0.119295 -0.0910117
0.221375 0.119295 -0.0787039
0.236417 0.119295 -0.0663962
0.25146 0.119295 -0.0540885
0.266503 0.119295 -0.0417807
0.281545 0.119295 -0.029473
0.296588 0.119295 -0.0171653
0.31163 0.119295 -0.00485755
0.326673 0.119295 0.00745018
0.341716 0.119295 0.0197579
0.356758 0.119295 0.0320656
0.371801 0.119295 0.0443734
0.386844 0.119295 0.0566811
-0.00426484 0.130783 -0.275666
0.0107778 0.130783 -0.263358
0.0258204 0.130783 -0.25105
0.0408631 0.130783 -0.238743
0.0559057 0.130783 -0.226435
0.0709483 0.130783 -0.214127
0.085991 0.130783 -0.201819
0.101034 0.130783 -0.189512
0.116076 0.130783 -0.177204
0.131119 0.130783 -0.164896
0.146161 0.130783 -0.152589
0.161204 0.130783 -0.140281
0.176247 0.130783 -0.127973
0.191289 0.130783 -0.115665
0.206332 0.130783 -0.103358
0.221375 0.130783 -0.0910499
0.236417 0.130783 -0.0787421
0.25146 0.130783 -0.0664344
0.266503 0.130783 -0.0541267
0.281545 0.130783 -0.041819
0.296588 0.130783 -0.0295112
0.31163 0.130783 -0.0172035
0.326673 0.130783 -0.00489576
0.341716 0.130783 0.00741197
0.356758 0.130783 0.0197197
0.371801 0.130783 0.0320274
0.386844 0.130783 0.0443352
0.0107778 0.142272 -0.275704
0.0258204 0.142272 -0.263396
0.0408631 0.142272 -0.251089
0.0559057 0.142272 -0.238781
0.0709483 0.142272 -0.226473
0.085991 0.142272 -0.214165
0.101034 0.142272 -0.201858
0.116076 0.142272 -0.18955
0.131119 0.142272 -0.177242
0.146161 0.142272 -0.164934
0.161204 0.142272 -0.152627
0.176247 0.142272 -0.140319
0.191289 0.142272 -0.128011
0.206332 0.142272 -0.115704
0.221375 0.142272 -0.103396
0.236417 0.142272 -0.0910881
0.25146 0.142272 -0.0787803
0.266503 0.142272 -0.0664726
0.281545 0.142272 -0.0541649
0.296588 0.142272 -0.0418572
0.31163 0.142272 -0.0295494
0.326673 0.142272 -0.0172417
0.341716 0.142272 -0.00493396
0.356758 0.142272 0.00737377
0.371801 0.142272 0.0196815
0.386844 0.142272 0.0319892
0.0258204 0.15376 -0.275742
0.0408631 0.15376 -0.263435
0.0559057 0.15376 -0.251127
0.0709483 0.15376 -0.238819
0.085991 0.15376 -0.226511
0.101034 0.15376 -0.214204
0.116076 0.15376 -0.201896
0.131119 0.15376 -0.189588
0.146161 0.15376 -0.17728
0.161204 0.15376 -0.164973
0.176247 0.15376 -0.152665
0.191289 0.15376 -0.140357
0.206332 0.15376 -0.128049
0.221375 0.15376 -0.115742
0.236417 0.15376 -0.103434
0.25146 0.15376 -0.0911263
0.266503 0.15376 -0.0788186
0.281545 0.15376 -0.0665108
0.296588 0.15376 -0.0542031
0.31163 0.15376 -0.0418954
0.326673 0.15376 -0.0295876
0.341716 0.15376 -0.0172799
0.356758 0.15376 -0.00497217
0.371801 0.15376 0.00733556
0.386844 0.15376 0.0196433
0.0408631 0.165249 -0.27578
0.0559057 0.165249 -0.263473
0.0709483 0.165249 -0.251165
0.085991 0.165249 -0.238857
0.101034 0.165249 -0.22655
0.116076 0.165249 -0.214242
0.131119 0.165249 -0.201934
0.146161 0.165249 -0.189626
0.161204 0.165249 -0.177319
0.176247 0.165249 -0.165011
0.191289 0.165249 -0.152703
0.206332 0.165249 -0.140395
0.221375 0.165249 -0.128088
0.236417 0.165249 -0.11578
0.25146 0.165249 -0.103472
0.266503 0.165249 -0.0911645
0.281545 0.165249 -0.0788568
0.296588 0.165249 -0.066549
0.31163 0.165249 -0.0542413
0.326673 0.165249 -0.0419336
0.341716 0.165249 -0.0296258
0.356758 0.165249 -0.0173181
0.371801 0.165249 -0.00501038
0.386844 0.165249 0.00729735
0.0559057 0.176738 -0.275819
0.0709483 0.176738 -0.263511
0.085991 0.176738 -0.251203
0.101034 0.176738 -0.238895
0.116076 0.176738 -0.226588
0.131119 0.176738 -0.21428
0.146161 0.176738 -0.201972
0.161204 0.176738 -0.189665
0.176247 0.176738 -0.177357
0.191289 0.176738 -0.165049
0.206332 0.176738 -0.152741
0.221375 0.176738 -0.140434
0.236417 0.176738 -0.128126
0.25146 0.176738 -0.115818
0.266503 0.176738 -0.10351
0.281545 0.176738 -0.0912027
0.296588 0.176738 -0.078895
0.31163 0.176738 -0.0665872
0.326673 0.176738 -0.0542795
0.341716 0.176738 -0.0419718
0.356758 0.176738 -0.029664
0.371801 0.176738 -0.0173563
0.386844 0.176738 -0.00504858
0.0709483 0.188226 -0.275857
0.085991 0.188226 -0.263549
0.101034 0.188226 -0.251241
0.116076 0.188226 -0.238934
0.131119 0.188226 -0.226626
0.146161 0.188226 -0.214318
0.161204 0.188226 -0.20201
0.176247 0.188226 -0.189703
0.191289 0.188226 -0.177395
0.206332 0.188226 -0.165087
0.221375 0.188226 -0.15278
0.236417 0.188226 -0.140472
0.25146 0.188226 -0.128164
0.266503 0.188226 -0.115856
0.281545 0.188226 -0.103549
0.296588 0.188226 -0.0912409
0.31163 0.188226 -0.0789332
0.326673 0.188226 -0.0666254
0.341716 0.188226 -0.0543177
0.356758 0.188226 -0.04201
0.371801 0.188226 -0.0297023
0.386844 0.188226 -0.0173945
0.085991 0.199715 -0.275895
0.101034 0.199715 -0.263587
0.116076 0.199715 -0.25128
0.131119 0.199715 -0.238972
0.146161 0.199715 -0.226664
0.161204 0.199715 -0.214356
0.176247 0.199715 -0.202049
0.191289 0.199715 -0.189741
0.206332 0.199715 -0.177433
0.221375 0.199715 -0.165125
0.236417 0.199715 -0.152818
0.25146 0.199715 -0.14051
0.266503 0.199715 -0.128202
0.281545 0.199715 -0.115895
0.296588 0.199715 -0.103587
0.31163 0.199715 -0.0912791
0.326673 0.199715 -0.0789714
0.341716 0.199715 -0.0666636
0.356758 0.199715 -0.0543559
0.371801 0.199715 -0.0420482
0.386844 0.199715 -0.0297405
0.101034 0.211204 -0.275933
0.116076 0.211204 -0.263626
0.131119 0.211204 -0.251318
0.146161 0.211204 -0.23901
0.161204 0.211204 -0.226702
0.176247 0.211204 -0.214395
0.191289 0.211204 -0.202087
0.206332 0.211204 -0.189779
0.221375 0.211204 -0.177471
0.236417 0.211204 -0.165164
0.25146 0.211204 -0.152856
0.266503 0.211204 -0.140548
0.281545 0.211204 -0.128241
0.296588 0.211204 -0.115933
0.31163 0.211204 -0.103625
0.326673 0.211204 -0.0913173
0.341716 0.211204 -0.0790096
0.356758 0.211204 -0.0667019
0.371801 0.211204 -0.0543941
0.386844 0.211204 -0.0420864
0.116076 0.222692 -0.275971
0.131119 0.222692 -0.263664
0.146161 0.222692 -0.251356
0.161204 0.222692 -0.239048
0.176247 0.222692 -0.226741
0.191289 0.222692 -0.214433
0.206332 0.222692 -0.202125
0.221375 0.222692 -0.189817
0.236417 0.222692 -0.17751
0.25146 0.222692 -0.165202
0.266503 0.222692 -0.152894
0.281545 0.222692 -0.140586
0.296588 0.222692 -0.128279
0.31163 0.222692 -0.115971
0.326673 0.222692 -0.103663
0.341716 0.222692 -0.0913555
0.356758 0.222692 -0.0790478
0.371801 0.222692 -0.0667401
0.386844 0.222692 -0.0544323
0.131119 0.234181 -0.27601
0.146161 0.234181 -0.263702
0.161204 0.234181 -0.251394
0.176247 0.234181 -0.239086
0.191289 0.234181 -0.226779
0.206332 0.234181 -0.214471
0.221375 0.234181 -0.202163
0.236417 0.234181 -0.189856
0.25146 0.234181 -0.177548
0.266503 0.234181 -0.16524
0.281545 0.234181 -0.152932
0.296588 0.234181 -0.140625
0.31163 0.234181 -0.128317
0.326673 0.234181 -0.116009
0.341716 0.234181 -0.103701
0.356758 0.234181 -0.0913937
0.371801 0.234181 -0.079086
0.386844 0.234181 -0.0667783
0.146161 0.245669 -0.276048
0.161204 0.245669 -0.26374
0.176247 0.245669 -0.251432
0.191289 0.245669 -0.239125
0.206332 0.245669 -0.226817
0.221375 0.245669 -0.214509
0.236417 0.245669 -0.202202
0.25146 0.245669 -0.189894
0.266503 0.245669 -0.177586
0.281545 0.245669 -0.165278
0.296588 0.245669 -0.152971
0.31163 0.245669 -0.140663
0.326673 0.245669 -0.128355
0.341716 0.245669 -0.116047
0.356758 0.245669 -0.10374
0.371801 0.245669 -0.0914319
0.386844 0.245669 -0.0791242
0.161204 0.257158 -0.276086
0.176247 0.257158 -0.263778
0.191289 0.257158 -0.251471
0.206332 0.257158 -0.239163
0.221375 0.257158 -0.226855
0.236417 0.257158 -0.214547
0.25146 0.257158 -0.20224
0.266503 0.257158 -0.189932
0.281545 0.257158 -0.177624
0.296588 0.257158 -0.165317
0.31163 0.257158 -0.153009
0.326673 0.257158 -0.140701
0.341716 0.257158 -0.128393
0.356758 0.257158 -0.116086
0.371801 0.257158 -0.103778
0.386844 0.257158 -0.0914701
0.176247 0.268647 -0.276124
0.191289 0.268647 -0.263817
0.206332 0.268647 -0.251509
0.221375 0.268647 -0.239201
0.236417 0.268647 -0.226893
0.25146 0.268647 -0.214586
0.266503 0.268647 -0.202278
0.281545 0.268647 -0.18997
0.296588 0.268647 -0.177662
0.31163 0.268647 -0.165355
0.326673 0.268647 -0.153047
0.341716 0.268647 -0.140739
0.356758 0.268647 -0.128432
0.371801 0.268647 -0.116124
0.386844 0.268647 -0.103816
