-0.244104 0.401624 0.441675
-0.229 0.335705 0.446323
-0.229 0.352184 0.434832
-0.229 0.368664 0.423341
-0.229 0.385144 0.41185
-0.229 0.401624 0.400359
-0.213895 0.286265 0.439479
-0.213895 0.302745 0.427989
-0.213895 0.319225 0.416498
-0.213895 0.335705 0.405007
-0.213895 0.352184 0.393516
-0.213895 0.368664 0.382025
-0.213895 0.385144 0.370534
-0.213895 0.401624 0.359043
-0.198791 0.220345 0.444127
-0.198791 0.236825 0.432636
-0.198791 0.253305 0.421145
-0.198791 0.269785 0.409654
-0.198791 0.286265 0.398163
-0.198791 0.302745 0.386673
-0.198791 0.319225 0.375182
-0.198791 0.335705 0.363691
-0.198791 0.352184 0.3522
-0.198791 0.368664 0.340709
-0.198791 0.385144 0.329218
-0.198791 0.401624 0.317727
-0.183687 0.170905 0.437284
-0.183687 0.187385 0.425793
-0.183687 0.203865 0.414302
-0.183687 0.220345 0.402811
-0.183687 0.236825 0.39132
-0.183687 0.253305 0.379829
-0.183687 0.269785 0.368338
-0.183687 0.286265 0.356847
-0.183687 0.302745 0.345357
-0.183687 0.319225 0.333866
-0.183687 0.335705 0.322375
-0.183687 0.352184 0.310884
-0.183687 0.368664 0.299393
-0.183687 0.385144 0.287902
-0.183687 0.401624 0.276411
-0.168583 0.104985 0.441931
-0.168583 0.121465 0.43044
-0.168583 0.137945 0.418949
-0.168583 0.154425 0.407458
-0.168583 0.170905 0.395968
-0.168583 0.187385 0.384477
-0.168583 0.203865 0.372986
-0.168583 0.220345 0.361495
-0.168583 0.236825 0.350004
-0.168583 0.253305 0.338513
-0.168583 0.269785 0.327022
-0.168583 0.286265 0.315531
-0.168583 0.302745 0.30404
-0.168583 0.319225 0.29255
-0.168583 0.335705 0.281059
-0.168583 0.352184 0.269568
-0.168583 0.368664 0.258077
-0.168583 0.385144 0.246586
-0.168583 0.401624 0.235095
-0.153478 0.0390647 0.446579
-0.153478 0.0555446 0.435088
-0.153478 0.0720246 0.423597
-0.153478 0.0885046 0.412106
-0.153478 0.104985 0.400615
-0.153478 0.121465 0.389124
-0.153478 0.137945 0.377633
-0.153478 0.154425 0.366142
-0.153478 0.170905 0.354652
-0.153478 0.187385 0.343161
-0.153478 0.203865 0.33167
-0.153478 0.220345 0.320179
-0.153478 0.236825 0.308688
-0.153478 0.253305 0.297197
-0.153478 0.269785 0.285706
-0.153478 0.286265 0.274215
-0.153478 0.302745 0.262724
-0.153478 0.319225 0.251234
-0.153478 0.335705 0.239743
-0.153478 0.352184 0.228252
-0.153478 0.368664 0.216761
-0.153478 0.385144 0.20527
-0.153478 0.401624 0.193779
-0.138374 -0.0103753 0.439735
-0.138374 0.00610467 0.428244
-0.138374 0.0225847 0.416753
-0.138374 0.0390647 0.405263
-0.138374 0.0555446 0.393772
-0.138374 0.0720246 0.382281
-0.138374 0.0885046 0.37079
-0.138374 0.104985 0.359299
-0.138374 0.121465 0.347808
-0.138374 0.137945 0.336317
-0.138374 0.154425 0.324826
-0.138374 0.170905 0.313335
-0.138374 0.187385 0.301845
-0.138374 0.203865 0.290354
-0.138374 0.220345 0.278863
-0.138374 0.236825 0.267372
-0.138374 0.253305 0.255881
-0.138374 0.269785 0.24439
-0.138374 0.286265 0.232899
-0.138374 0.302745 0.221408
-0.138374 0.319225 0.209917
-0.138374 0.335705 0.198427
-0.138374 0.352184 0.186936
-0.138374 0.368664 0.175445
-0.138374 0.385144 0.163954
-0.138374 0.401624 0.152463
-0.12327 -0.0762953 0.444383
-0.12327 -0.0598153 0.432892
-0.12327 -0.0433353 0.421401
-0.12327 -0.0268553 0.40991
-0.12327 -0.0103753 0.398419
-0.12327 0.00610467 0.386928
-0.12327 0.0225847 0.375437
-0.12327 0.0390647 0.363947
-0.12327 0.0555446 0.352456
-0.12327 0.0720246 0.340965
-0.12327 0.0885046 0.329474
-0.12327 0.104985 0.317983
-0.12327 0.121465 0.306492
-0.12327 0.137945 0.295001
-0.12327 0.154425 0.28351
-0.12327 0.170905 0.272019
-0.12327 0.187385 0.260529
-0.12327 0.203865 0.249038
-0.12327 0.220345 0.237547
-0.12327 0.236825 0.226056
-0.12327 0.253305 0.214565
-0.12327 0.269785 0.203074
-0.12327 0.286265 0.191583
-0.12327 0.302745 0.180092
-0.12327 0.319225 0.168601
-0.12327 0.335705 0.157111
-0.12327 0.352184 0.14562
-0.12327 0.368664 0.134129
-0.12327 0.385144 0.122638
-0.12327 0.401624 0.111147
-0.108166 -0.125735 0.437539
-0.108166 -0.109255 0.426049
-0.108166 -0.0927753 0.414558
-0.108166 -0.0762953 0.403067
-0.108166 -0.0598153 0.391576
-0.108166 -0.0433353 0.380085
-0.108166 -0.0268553 0.368594
-0.108166 -0.0103753 0.357103
-0.108166 0.00610467 0.345612
-0.108166 0.0225847 0.334121
-0.108166 0.0390647 0.322631
-0.108166 0.0555446 0.31114
-0.108166 0.0720246 0.299649
-0.108166 0.0885046 0.288158
-0.108166 0.104985 0.276667
-0.108166 0.121465 0.265176
-0.108166 0.137945 0.253685
-0.108166 0.154425 0.242194
-0.108166 0.170905 0.230703
-0.108166 0.187385 0.219213
-0.108166 0.203865 0.207722
-0.108166 0.220345 0.196231
-0.108166 0.236825 0.18474
-0.108166 0.253305 0.173249
-0.108166 0.269785 0.161758
-0.108166 0.286265 0.150267
-0.108166 0.302745 0.138776
-0.108166 0.319225 0.127285
-0.108166 0.335705 0.115795
-0.108166 0.352184 0.104304
-0.108166 0.368664 0.0928127
-0.108166 0.385144 0.0813219
-0.108166 0.401624 0.069831
-0.0930612 -0.191655 0.442187
-0.0930612 -0.175175 0.430696
-0.0930612 -0.158695 0.419205
-0.0930612 -0.142215 0.407714
-0.0930612 -0.125735 0.396223
-0.0930612 -0.109255 0.384732
-0.0930612 -0.0927753 0.373242
-0.0930612 -0.0762953 0.361751
-0.0930612 -0.0598153 0.35026
-0.0930612 -0.0433353 0.338769
-0.0930612 -0.0268553 0.327278
-0.0930612 -0.0103753 0.315787
-0.0930612 0.00610467 0.304296
-0.0930612 0.0225847 0.292805
-0.0930612 0.0390647 0.281314
-0.0930612 0.0555446 0.269824
-0.0930612 0.0720246 0.258333
-0.0930612 0.0885046 0.246842
-0.0930612 0.104985 0.235351
-0.0930612 0.121465 0.22386
-0.0930612 0.137945 0.212369
-0.0930612 0.154425 0.200878
-0.0930612 0.170905 0.189387
-0.0930612 0.187385 0.177896
-0.0930612 0.203865 0.166406
-0.0930612 0.220345 0.154915
-0.0930612 0.236825 0.143424
-0.0930612 0.253305 0.131933
-0.0930612 0.269785 0.120442
-0.0930612 0.286265 0.108951
-0.0930612 0.302745 0.0974603
-0.0930612 0.319225 0.0859694
-0.0930612 0.335705 0.0744785
-0.0930612 0.352184 0.0629876
-0.0930612 0.368664 0.0514967
-0.0930612 0.385144 0.0400058
-0.0930612 0.401624 0.0285149
-0.077957 -0.241095 0.435344
-0.077957 -0.224615 0.423853
-0.077957 -0.208135 0.412362
-0.077957 -0.191655 0.400871
-0.077957 -0.175175 0.38938
-0.077957 -0.158695 0.377889
-0.077957 -0.142215 0.366398
-0.077957 -0.125735 0.354907
-0.077957 -0.109255 0.343416
-0.077957 -0.0927753 0.331926
-0.077957 -0.0762953 0.320435
-0.077957 -0.0598153 0.308944
-0.077957 -0.0433353 0.297453
-0.077957 -0.0268553 0.285962
-0.077957 -0.0103753 0.274471
-0.077957 0.00610467 0.26298
-0.077957 0.0225847 0.251489
-0.077957 0.0390647 0.239998
-0.077957 0.0555446 0.228508
-0.077957 0.0720246 0.217017
-0.077957 0.0885046 0.205526
-0.077957 0.104985 0.194035
-0.077957 0.121465 0.182544
-0.077957 0.137945 0.171053
-0.077957 0.154425 0.159562
-0.077957 0.170905 0.148071
-0.077957 0.187385 0.13658
-0.077957 0.203865 0.12509
-0.077957 0.220345 0.113599
-0.077957 0.236825 0.102108
-0.077957 0.253305 0.0906169
-0.077957 0.269785 0.079126
-0.077957 0.286265 0.0676351
-0.077957 0.302745 0.0561442
-0.077957 0.319225 0.0446533
-0.077957 0.335705 0.0331624
-0.077957 0.352184 0.0216715
-0.077957 0.368664 0.0101807
-0.077957 0.385144 -0.00131023
-0.077957 0.401624 -0.0128011
-0.0628527 -0.307015 0.439991
-0.0628527 -0.290535 0.4285
-0.0628527 -0.274055 0.417009
-0.0628527 -0.257575 0.405518
-0.0628527 -0.241095 0.394028
-0.0628527 -0.224615 0.382537
-0.0628527 -0.208135 0.371046
-0.0628527 -0.191655 0.359555
-0.0628527 -0.175175 0.348064
-0.0628527 -0.158695 0.336573
-0.0628527 -0.142215 0.325082
-0.0628527 -0.125735 0.313591
-0.0628527 -0.109255 0.3021
-0.0628527 -0.0927753 0.29061
-0.0628527 -0.0762953 0.279119
-0.0628527 -0.0598153 0.267628
-0.0628527 -0.0433353 0.256137
-0.0628527 -0.0268553 0.244646
-0.0628527 -0.0103753 0.233155
-0.0628527 0.00610467 0.221664
-0.0628527 0.0225847 0.210173
-0.0628527 0.0390647 0.198682
-0.0628527 0.0555446 0.187192
-0.0628527 0.0720246 0.175701
-0.0628527 0.0885046 0.16421
-0.0628527 0.104985 0.152719
-0.0628527 0.121465 0.141228
-0.0628527 0.137945 0.129737
-0.0628527 0.154425 0.118246
-0.0628527 0.170905 0.106755
-0.0628527 0.187385 0.0952644
-0.0628527 0.203865 0.0837735
-0.0628527 0.220345 0.0722826
-0.0628527 0.236825 0.0607917
-0.0628527 0.253305 0.0493008
-0.0628527 0.269785 0.03781
-0.0628527 0.286265 0.0263191
-0.0628527 0.302745 0.0148282
-0.0628527 0.319225 0.00333729
-0.0628527 0.335705 -0.0081536
-0.0628527 0.352184 -0.0196445
-0.0628527 0.368664 -0.0311354
-0.0628527 0.385144 -0.0426263
-0.0628527 0.401624 -0.0541172
-0.0477484 -0.372935 0.444639
-0.0477484 -0.356455 0.433148
-0.0477484 -0.339975 0.421657
-0.0477484 -0.323495 0.410166
-0.0477484 -0.307015 0.398675
-0.0477484 -0.290535 0.387184
-0.0477484 -0.274055 0.375693
-0.0477484 -0.257575 0.364202
-0.0477484 -0.241095 0.352711
-0.0477484 -0.224615 0.341221
-0.0477484 -0.208135 0.32973
-0.0477484 -0.191655 0.318239
-0.0477484 -0.175175 0.306748
-0.0477484 -0.158695 0.295257
-0.0477484 -0.142215 0.283766
-0.0477484 -0.125735 0.272275
-0.0477484 -0.109255 0.260784
-0.0477484 -0.0927753 0.249293
-0.0477484 -0.0762953 0.237803
-0.0477484 -0.0598153 0.226312
-0.0477484 -0.0433353 0.214821
-0.0477484 -0.0268553 0.20333
-0.0477484 -0.0103753 0.191839
-0.0477484 0.00610467 0.180348
-0.0477484 0.0225847 0.168857
-0.0477484 0.0390647 0.157366
-0.0477484 0.0555446 0.145875
-0.0477484 0.0720246 0.134385
-0.0477484 0.0885046 0.122894
-0.0477484 0.104985 0.111403
-0.0477484 0.121465 0.0999119
-0.0477484 0.137945 0.088421
-0.0477484 0.154425 0.0769301
-0.0477484 0.170905 0.0654392
-0.0477484 0.187385 0.0539484
-0.0477484 0.203865 0.0424575
-0.0477484 0.220345 0.0309666
-0.0477484 0.236825 0.0194757
-0.0477484 0.253305 0.0079848
-0.0477484 0.269785 -0.00350609
-0.0477484 0.286265 -0.014997
-0.0477484 0.302745 -0.0264879
-0.0477484 0.319225 -0.0379788
-0.0477484 0.335705 -0.0494696
-0.0477484 0.352184 -0.0609605
-0.0477484 0.368664 -0.0724514
-0.0477484 0.385144 -0.0839423
-0.0477484 0.401624 -0.0954332
-0.0326442 -0.405895 0.426304
-0.0326442 -0.389415 0.414813
-0.0326442 -0.372935 0.403323
-0.0326442 -0.356455 0.391832
-0.0326442 -0.339975 0.380341
-0.0326442 -0.323495 0.36885
-0.0326442 -0.307015 0.357359
-0.0326442 -0.290535 0.345868
-0.0326442 -0.274055 0.334377
-0.0326442 -0.257575 0.322886
-0.0326442 -0.241095 0.311395
-0.0326442 -0.224615 0.299905
-0.0326442 -0.208135 0.288414
-0.0326442 -0.191655 0.276923
-0.0326442 -0.175175 0.265432
-0.0326442 -0.158695 0.253941
-0.0326442 -0.142215 0.24245
-0.0326442 -0.125735 0.230959
-0.0326442 -0.109255 0.219468
-0.0326442 -0.0927753 0.207977
-0.0326442 -0.0762953 0.196487
-0.0326442 -0.0598153 0.184996
-0.0326442 -0.0433353 0.173505
-0.0326442 -0.0268553 0.162014
-0.0326442 -0.0103753 0.150523
-0.0326442 0.00610467 0.139032
-0.0326442 0.0225847 0.127541
-0.0326442 0.0390647 0.11605
-0.0326442 0.0555446 0.104559
-0.0326442 0.0720246 0.0930685
-0.0326442 0.0885046 0.0815776
-0.0326442 0.104985 0.0700868
-0.0326442 0.121465 0.0585959
-0.0326442 0.137945 0.047105
-0.0326442 0.154425 0.0356141
-0.0326442 0.170905 0.0241232
-0.0326442 0.187385 0.0126323
-0.0326442 0.203865 0.00114143
-0.0326442 0.220345 -0.0103495
-0.0326442 0.236825 -0.0218404
-0.0326442 0.253305 -0.0333312
-0.0326442 0.269785 -0.0448221
-0.0326442 0.286265 -0.056313
-0.0326442 0.302745 -0.0678039
-0.0326442 0.319225 -0.0792948
-0.0326442 0.335705 -0.0907857
-0.0326442 0.352184 -0.102277
-0.0326442 0.368664 -0.113767
-0.0326442 0.385144 -0.125258
-0.0326442 0.401624 -0.136749
-0.0175399 -0.405895 0.384988
-0.0175399 -0.389415 0.373497
-0.0175399 -0.372935 0.362007
-0.0175399 -0.356455 0.350516
-0.0175399 -0.339975 0.339025
-0.0175399 -0.323495 0.327534
-0.0175399 -0.307015 0.316043
-0.0175399 -0.290535 0.304552
-0.0175399 -0.274055 0.293061
-0.0175399 -0.257575 0.28157
-0.0175399 -0.241095 0.270079
-0.0175399 -0.224615 0.258589
-0.0175399 -0.208135 0.247098
-0.0175399 -0.191655 0.235607
-0.0175399 -0.175175 0.224116
-0.0175399 -0.158695 0.212625
-0.0175399 -0.142215 0.201134
-0.0175399 -0.125735 0.189643
-0.0175399 -0.109255 0.178152
-0.0175399 -0.0927753 0.166661
-0.0175399 -0.0762953 0.15517
-0.0175399 -0.0598153 0.14368
-0.0175399 -0.0433353 0.132189
-0.0175399 -0.0268553 0.120698
-0.0175399 -0.0103753 0.109207
-0.0175399 0.00610467 0.0977161
-0.0175399 0.0225847 0.0862252
-0.0175399 0.0390647 0.0747343
-0.0175399 0.0555446 0.0632434
-0.0175399 0.0720246 0.0517525
-0.0175399 0.0885046 0.0402616
-0.0175399 0.104985 0.0287707
-0.0175399 0.121465 0.0172798
-0.0175399 0.137945 0.00578894
-0.0175399 0.154425 -0.00570195
-0.0175399 0.170905 -0.0171928
-0.0175399 0.187385 -0.0286837
-0.0175399 0.203865 -0.0401746
-0.0175399 0.220345 -0.0516655
-0.0175399 0.236825 -0.0631564
-0.0175399 0.253305 -0.0746473
-0.0175399 0.269785 -0.0861382
-0.0175399 0.286265 -0.0976291
-0.0175399 0.302745 -0.10912
-0.0175399 0.319225 -0.120611
-0.0175399 0.335705 -0.132102
-0.0175399 0.352184 -0.143593
-0.0175399 0.368664 -0.155084
-0.0175399 0.385144 -0.166574
-0.0175399 0.401624 -0.178065
-0.00243563 -0.405895 0.343672
-0.00243563 -0.389415 0.332181
-0.00243563 -0.372935 0.32069
-0.00243563 -0.356455 0.3092
-0.00243563 -0.339975 0.297709
-0.00243563 -0.323495 0.286218
-0.00243563 -0.307015 0.274727
-0.00243563 -0.290535 0.263236
-0.00243563 -0.274055 0.251745
-0.00243563 -0.257575 0.240254
-0.00243563 -0.241095 0.228763
-0.00243563 -0.224615 0.217272
-0.00243563 -0.208135 0.205782
-0.00243563 -0.191655 0.194291
-0.00243563 -0.175175 0.1828
-0.00243563 -0.158695 0.171309
-0.00243563 -0.142215 0.159818
-0.00243563 -0.125735 0.148327
-0.00243563 -0.109255 0.136836
-0.00243563 -0.0927753 0.125345
-0.00243563 -0.0762953 0.113854
-0.00243563 -0.0598153 0.102364
-0.00243563 -0.0433353 0.0908727
-0.00243563 -0.0268553 0.0793818
-0.00243563 -0.0103753 0.0678909
-0.00243563 0.00610467 0.0564
-0.00243563 0.0225847 0.0449091
-0.00243563 0.0390647 0.0334182
-0.00243563 0.0555446 0.0219273
-0.00243563 0.0720246 0.0104365
-0.00243563 0.0885046 -0.00105443
-0.00243563 0.104985 -0.0125453
-0.00243563 0.121465 -0.0240362
-0.00243563 0.137945 -0.0355271
-0.00243563 0.154425 -0.047018
-0.00243563 0.170905 -0.0585089
-0.00243563 0.187385 -0.0699998
-0.00243563 0.203865 -0.0814907
-0.00243563 0.220345 -0.0929815
-0.00243563 0.236825 -0.104472
-0.00243563 0.253305 -0.115963
-0.00243563 0.269785 -0.127454
-0.00243563 0.286265 -0.138945
-0.00243563 0.302745 -0.150436
-0.00243563 0.319225 -0.161927
-0.00243563 0.335705 -0.173418
-0.00243563 0.352184 -0.184909
-0.00243563 0.368664 -0.1964
-0.00243563 0.385144 -0.20789
-0.00243563 0.401624 -0.219381
0.0126686 -0.405895 0.302356
0.0126686 -0.389415 0.290865
0.0126686 -0.372935 0.279374
0.0126686 -0.356455 0.267884
0.0126686 -0.339975 0.256393
0.0126686 -0.323495 0.244902
0.0126686 -0.307015 0.233411
0.0126686 -0.290535 0.22192
0.0126686 -0.274055 0.210429
0.0126686 -0.257575 0.198938
0.0126686 -0.241095 0.187447
0.0126686 -0.224615 0.175956
0.0126686 -0.208135 0.164466
0.0126686 -0.191655 0.152975
0.0126686 -0.175175 0.141484
0.0126686 -0.158695 0.129993
0.0126686 -0.142215 0.118502
0.0126686 -0.125735 0.107011
0.0126686 -0.109255 0.0955202
0.0126686 -0.0927753 0.0840293
0.0126686 -0.0762953 0.0725384
0.0126686 -0.0598153 0.0610475
0.0126686 -0.0433353 0.0495566
0.0126686 -0.0268553 0.0380657
0.0126686 -0.0103753 0.0265749
0.0126686 0.00610467 0.015084
0.0126686 0.0225847 0.00359308
0.0126686 0.0390647 -0.00789781
0.0126686 0.0555446 -0.0193887
0.0126686 0.0720246 -0.0308796
0.0126686 0.0885046 -0.0423705
0.0126686 0.104985 -0.0538614
0.0126686 0.121465 -0.0653523
0.0126686 0.137945 -0.0768431
0.0126686 0.154425 -0.088334
0.0126686 0.170905 -0.0998249
0.0126686 0.187385 -0.111316
0.0126686 0.203865 -0.122807
0.0126686 0.220345 -0.134298
0.0126686 0.236825 -0.145788
0.0126686 0.253305 -0.157279
0.0126686 0.269785 -0.16877
0.0126686 0.286265 -0.180261
0.0126686 0.302745 -0.191752
0.0126686 0.319225 -0.203243
0.0126686 0.335705 -0.214734
0.0126686 0.352184 -0.226225
0.0126686 0.368664 -0.237716
0.0126686 0.385144 -0.249206
0.0126686 0.401624 -0.260697
0.0277729 -0.405895 0.26104
0.0277729 -0.389415 0.249549
0.0277729 -0.372935 0.238058
0.0277729 -0.356455 0.226567
0.0277729 -0.339975 0.215077
0.0277729 -0.323495 0.203586
0.0277729 -0.307015 0.192095
0.0277729 -0.290535 0.180604
0.0277729 -0.274055 0.169113
0.0277729 -0.257575 0.157622
0.0277729 -0.241095 0.146131
0.0277729 -0.224615 0.13464
0.0277729 -0.208135 0.123149
0.0277729 -0.191655 0.111659
0.0277729 -0.175175 0.100168
0.0277729 -0.158695 0.0886768
0.0277729 -0.142215 0.0771859
0.0277729 -0.125735 0.065695
0.0277729 -0.109255 0.0542042
0.0277729 -0.0927753 0.0427133
0.0277729 -0.0762953 0.0312224
0.0277729 -0.0598153 0.0197315
0.0277729 -0.0433353 0.0082406
0.0277729 -0.0268553 -0.00325029
0.0277729 -0.0103753 -0.0147412
0.0277729 0.00610467 -0.0262321
0.0277729 0.0225847 -0.037723
0.0277729 0.0390647 -0.0492138
0.0277729 0.0555446 -0.0607047
0.0277729 0.0720246 -0.0721956
0.0277729 0.0885046 -0.0836865
0.0277729 0.104985 -0.0951774
0.0277729 0.121465 -0.106668
0.0277729 0.137945 -0.118159
0.0277729 0.154425 -0.12965
0.0277729 0.170905 -0.141141
0.0277729 0.187385 -0.152632
0.0277729 0.203865 -0.164123
0.0277729 0.220345 -0.175614
0.0277729 0.236825 -0.187105
0.0277729 0.253305 -0.198595
0.0277729 0.269785 -0.210086
0.0277729 0.286265 -0.221577
0.0277729 0.302745 -0.233068
0.0277729 0.319225 -0.244559
0.0277729 0.335705 -0.25605
0.0277729 0.352184 -0.267541
0.0277729 0.368664 -0.279032
0.0277729 0.385144 -0.290523
0.0277729 0.401624 -0.302013
0.0428772 -0.405895 0.219724
0.0428772 -0.389415 0.208233
0.0428772 -0.372935 0.196742
0.0428772 -0.356455 0.185251
0.0428772 -0.339975 0.173761
0.0428772 -0.323495 0.16227
0.0428772 -0.307015 0.150779
0.0428772 -0.290535 0.139288
0.0428772 -0.274055 0.127797
0.0428772 -0.257575 0.116306
0.0428772 -0.241095 0.104815
0.0428772 -0.224615 0.0933243
0.0428772 -0.208135 0.0818334
0.0428772 -0.191655 0.0703426
0.0428772 -0.175175 0.0588517
0.0428772 -0.158695 0.0473608
0.0428772 -0.142215 0.0358699
0.0428772 -0.125735 0.024379
0.0428772 -0.109255 0.0128881
0.0428772 -0.0927753 0.00139722
0.0428772 -0.0762953 -0.0100937
0.0428772 -0.0598153 -0.0215846
0.0428772 -0.0433353 -0.0330754
0.0428772 -0.0268553 -0.0445663
0.0428772 -0.0103753 -0.0560572
0.0428772 0.00610467 -0.0675481
0.0428772 0.0225847 -0.079039
0.0428772 0.0390647 -0.0905299
0.0428772 0.0555446 -0.102021
0.0428772 0.0720246 -0.113512
0.0428772 0.0885046 -0.125003
0.0428772 0.104985 -0.136493
0.0428772 0.121465 -0.147984
0.0428772 0.137945 -0.159475
0.0428772 0.154425 -0.170966
0.0428772 0.170905 -0.182457
0.0428772 0.187385 -0.193948
0.0428772 0.203865 -0.205439
0.0428772 0.220345 -0.21693
0.0428772 0.236825 -0.228421
0.0428772 0.253305 -0.239911
0.0428772 0.269785 -0.251402
0.0428772 0.286265 -0.262893
0.0428772 0.302745 -0.274384
0.0428772 0.319225 -0.285875
0.0428772 0.335705 -0.297366
0.0428772 0.352184 -0.308857
0.0428772 0.368664 -0.320348
0.0428772 0.385144 -0.331839
0.0428772 0.401624 -0.343329
0.0579814 -0.405895 0.178408
0.0579814 -0.389415 0.166917
0.0579814 -0.372935 0.155426
0.0579814 -0.356455 0.143935
0.0579814 -0.339975 0.132445
0.0579814 -0.323495 0.120954
0.0579814 -0.307015 0.109463
0.0579814 -0.290535 0.0979718
0.0579814 -0.274055 0.086481
0.0579814 -0.257575 0.0749901
0.0579814 -0.241095 0.0634992
0.0579814 -0.224615 0.0520083
0.0579814 -0.208135 0.0405174
0.0579814 -0.191655 0.0290265
0.0579814 -0.175175 0.0175356
0.0579814 -0.158695 0.00604474
0.0579814 -0.142215 -0.00544615
0.0579814 -0.125735 -0.016937
0.0579814 -0.109255 -0.0284279
0.0579814 -0.0927753 -0.0399188
0.0579814 -0.0762953 -0.0514097
0.0579814 -0.0598153 -0.0629006
0.0579814 -0.0433353 -0.0743915
0.0579814 -0.0268553 -0.0858824
0.0579814 -0.0103753 -0.0973733
0.0579814 0.00610467 -0.108864
0.0579814 0.0225847 -0.120355
0.0579814 0.0390647 -0.131846
0.0579814 0.0555446 -0.143337
0.0579814 0.0720246 -0.154828
0.0579814 0.0885046 -0.166319
0.0579814 0.104985 -0.177809
0.0579814 0.121465 -0.1893
0.0579814 0.137945 -0.200791
0.0579814 0.154425 -0.212282
0.0579814 0.170905 -0.223773
0.0579814 0.187385 -0.235264
0.0579814 0.203865 -0.246755
0.0579814 0.220345 -0.258246
0.0579814 0.236825 -0.269737
0.0579814 0.253305 -0.281227
0.0579814 0.269785 -0.292718
0.0579814 0.286265 -0.304209
0.0579814 0.302745 -0.3157
0.0579814 0.319225 -0.327191
0.0579814 0.335705 -0.338682
0.0579814 0.352184 -0.350173
0.0579814 0.368664 -0.361664
0.0579814 0.385144 -0.373155
0.0579814 0.401624 -0.384645
0.0730857 -0.405895 0.137092
0.0730857 -0.389415 0.125601
0.0730857 -0.372935 0.11411
0.0730857 -0.356455 0.102619
0.0730857 -0.339975 0.0911285
0.0730857 -0.323495 0.0796376
0.0730857 -0.307015 0.0681467
0.0730857 -0.290535 0.0566558
0.0730857 -0.274055 0.0451649
0.0730857 -0.257575 0.033674
0.0730857 -0.241095 0.0221831
0.0730857 -0.224615 0.0106923
0.0730857 -0.208135 -0.000798638
0.0730857 -0.191655 -0.0122895
0.0730857 -0.175175 -0.0237804
0.0730857 -0.158695 -0.0352713
0.0730857 -0.142215 -0.0467622
0.0730857 -0.125735 -0.0582531
0.0730857 -0.109255 -0.069744
0.0730857 -0.0927753 -0.0812349
0.0730857 -0.0762953 -0.0927258
0.0730857 -0.0598153 -0.104217
0.0730857 -0.0433353 -0.115708
0.0730857 -0.0268553 -0.127198
0.0730857 -0.0103753 -0.138689
0.0730857 0.00610467 -0.15018
0.0730857 0.0225847 -0.161671
0.0730857 0.0390647 -0.173162
0.0730857 0.0555446 -0.184653
0.0730857 0.0720246 -0.196144
0.0730857 0.0885046 -0.207635
0.0730857 0.104985 -0.219126
0.0730857 0.121465 -0.230616
0.0730857 0.137945 -0.242107
0.0730857 0.154425 -0.253598
0.0730857 0.170905 -0.265089
0.0730857 0.187385 -0.27658
0.0730857 0.203865 -0.288071
0.0730857 0.220345 -0.299562
0.0730857 0.236825 -0.311053
0.0730857 0.253305 -0.322544
0.0730857 0.269785 -0.334034
0.0730857 0.286265 -0.345525
0.0730857 0.302745 -0.357016
0.0730857 0.319225 -0.368507
0.0730857 0.335705 -0.379998
0.0730857 0.352184 -0.391489
0.0730857 0.368664 -0.40298
0.0730857 0.385144 -0.414471
0.0730857 0.401624 -0.425962
0.08819 -0.405895 0.095776
0.08819 -0.389415 0.0842851
0.08819 -0.372935 0.0727942
0.08819 -0.356455 0.0613033
0.08819 -0.339975 0.0498124
0.08819 -0.323495 0.0383215
0.08819 -0.307015 0.0268307
0.08819 -0.290535 0.0153398
0.08819 -0.274055 0.00384888
0.08819 -0.257575 -0.00764201
0.08819 -0.241095 -0.0191329
0.08819 -0.224615 -0.0306238
0.08819 -0.208135 -0.0421147
0.08819 -0.191655 -0.0536056
0.08819 -0.175175 -0.0650965
0.08819 -0.158695 -0.0765873
0.08819 -0.142215 -0.0880782
0.08819 -0.125735 -0.0995691
0.08819 -0.109255 -0.11106
0.08819 -0.0927753 -0.122551
0.08819 -0.0762953 -0.134042
0.08819 -0.0598153 -0.145533
0.08819 -0.0433353 -0.157024
0.08819 -0.0268553 -0.168514
0.08819 -0.0103753 -0.180005
0.08819 0.00610467 -0.191496
0.08819 0.0225847 -0.202987
0.08819 0.0390647 -0.214478
0.08819 0.0555446 -0.225969
0.08819 0.0720246 -0.23746
0.08819 0.0885046 -0.248951
0.08819 0.104985 -0.260442
0.08819 0.121465 -0.271932
0.08819 0.137945 -0.283423
0.08819 0.154425 -0.294914
0.08819 0.170905 -0.306405
0.08819 0.187385 -0.317896
0.08819 0.203865 -0.329387
0.08819 0.220345 -0.340878
0.08819 0.236825 -0.352369
0.08819 0.253305 -0.36386
0.08819 0.269785 -0.37535
0.08819 0.286265 -0.386841
0.08819 0.302745 -0.398332
0.08819 0.319225 -0.409823
0.08819 0.335705 -0.421314
0.08819 0.352184 -0.432805
0.103294 -0.405895 0.0544599
0.103294 -0.389415 0.0429691
0.103294 -0.372935 0.0314782
0.103294 -0.356455 0.0199873
0.103294 -0.339975 0.00849639
0.103294 -0.323495 -0.0029945
0.103294 -0.307015 -0.0144854
0.103294 -0.290535 -0.0259763
0.103294 -0.274055 -0.0374672
0.103294 -0.257575 -0.0489581
0.103294 -0.241095 -0.0604489
0.103294 -0.224615 -0.0719398
0.103294 -0.208135 -0.0834307
0.103294 -0.191655 -0.0949216
0.103294 -0.175175 -0.106412
0.103294 -0.158695 -0.117903
0.103294 -0.142215 -0.129394
0.103294 -0.125735 -0.140885
0.103294 -0.109255 -0.152376
0.103294 -0.0927753 -0.163867
0.103294 -0.0762953 -0.175358
0.103294 -0.0598153 -0.186849
0.103294 -0.0433353 -0.19834
0.103294 -0.0268553 -0.209831
0.103294 -0.0103753 -0.221321
0.103294 0.00610467 -0.232812
0.103294 0.0225847 -0.244303
0.103294 0.0390647 -0.255794
0.103294 0.0555446 -0.267285
0.103294 0.0720246 -0.278776
0.103294 0.0885046 -0.290267
0.103294 0.104985 -0.301758
0.103294 0.121465 -0.313249
0.103294 0.137945 -0.324739
0.103294 0.154425 -0.33623
0.103294 0.170905 -0.347721
0.103294 0.187385 -0.359212
0.103294 0.203865 -0.370703
0.103294 0.220345 -0.382194
0.103294 0.236825 -0.393685
0.103294 0.253305 -0.405176
0.103294 0.269785 -0.416667
0.103294 0.286265 -0.428157
0.118399 -0.405895 0.0131439
0.118399 -0.389415 0.00165302
0.118399 -0.372935 -0.00983787
0.118399 -0.356455 -0.0213288
0.118399 -0.339975 -0.0328196
0.118399 -0.323495 -0.0443105
0.118399 -0.307015 -0.0558014
0.118399 -0.290535 -0.0672923
0.118399 -0.274055 -0.0787832
0.118399 -0.257575 -0.0902741
0.118399 -0.241095 -0.101765
0.118399 -0.224615 -0.113256
0.118399 -0.208135 -0.124747
0.118399 -0.191655 -0.136238
0.118399 -0.175175 -0.147729
0.118399 -0.158695 -0.159219
0.118399 -0.142215 -0.17071
0.118399 -0.125735 -0.182201
0.118399 -0.109255 -0.193692
0.118399 -0.0927753 -0.205183
0.118399 -0.0762953 -0.216674
0.118399 -0.0598153 -0.228165
0.118399 -0.0433353 -0.239656
0.118399 -0.0268553 -0.251147
0.118399 -0.0103753 -0.262637
0.118399 0.00610467 -0.274128
0.118399 0.0225847 -0.285619
0.118399 0.0390647 -0.29711
0.118399 0.0555446 -0.308601
0.118399 0.0720246 -0.320092
0.118399 0.0885046 -0.331583
0.118399 0.104985 -0.343074
0.118399 0.121465 -0.354565
0.118399 0.137945 -0.366055
0.118399 0.154425 -0.377546
0.118399 0.170905 -0.389037
0.118399 0.187385 -0.400528
0.118399 0.203865 -0.412019
0.118399 0.220345 -0.42351
0.133503 -0.405895 -0.0281721
0.133503 -0.389415 -0.039663
0.133503 -0.372935 -0.0511539
0.133503 -0.356455 -0.0626448
0.133503 -0.339975 -0.0741357
0.133503 -0.323495 -0.0856266
0.133503 -0.307015 -0.0971175
0.133503 -0.290535 -0.108608
0.133503 -0.274055 -0.120099
0.133503 -0.257575 -0.13159
0.133503 -0.241095 -0.143081
0.133503 -0.224615 -0.154572
0.133503 -0.208135 -0.166063
0.133503 -0.191655 -0.177554
0.133503 -0.175175 -0.189045
0.133503 -0.158695 -0.200535
0.133503 -0.142215 -0.212026
0.133503 -0.125735 -0.223517
0.133503 -0.109255 -0.235008
0.133503 -0.0927753 -0.246499
0.133503 -0.0762953 -0.25799
0.133503 -0.0598153 -0.269481
0.133503 -0.0433353 -0.280972
0.133503 -0.0268553 -0.292463
0.133503 -0.0103753 -0.303953
0.133503 0.00610467 -0.315444
0.133503 0.0225847 -0.326935
0.133503 0.0390647 -0.338426
0.133503 0.0555446 -0.349917
0.133503 0.0720246 -0.361408
0.133503 0.0885046 -0.372899
0.133503 0.104985 -0.38439
0.133503 0.121465 -0.395881
0.133503 0.137945 -0.407371
0.133503 0.154425 -0.418862
0.133503 0.170905 -0.430353
0.148607 -0.405895 -0.0694882
0.148607 -0.389415 -0.0809791
0.148607 -0.372935 -0.09247
0.148607 -0.356455 -0.103961
0.148607 -0.339975 -0.115452
0.148607 -0.323495 -0.126943
0.148607 -0.307015 -0.138434
0.148607 -0.290535 -0.149924
0.148607 -0.274055 -0.161415
0.148607 -0.257575 -0.172906
0.148607 -0.241095 -0.184397
0.148607 -0.224615 -0.195888
0.148607 -0.208135 -0.207379
0.148607 -0.191655 -0.21887
0.148607 -0.175175 -0.230361
0.148607 -0.158695 -0.241852
0.148607 -0.142215 -0.253342
0.148607 -0.125735 -0.264833
0.148607 -0.109255 -0.276324
0.148607 -0.0927753 -0.287815
0.148607 -0.0762953 -0.299306
0.148607 -0.0598153 -0.310797
0.148607 -0.0433353 -0.322288
0.148607 -0.0268553 -0.333779
0.148607 -0.0103753 -0.34527
0.148607 0.00610467 -0.35676
0.148607 0.0225847 -0.368251
0.148607 0.0390647 -0.379742
0.148607 0.0555446 -0.391233
0.148607 0.0720246 -0.402724
0.148607 0.0885046 -0.414215
0.148607 0.104985 -0.425706
0.163711 -0.405895 -0.110804
0.163711 -0.389415 -0.122295
0.163711 -0.372935 -0.133786
0.163711 -0.356455 -0.145277
0.163711 -0.339975 -0.156768
0.163711 -0.323495 -0.168259
0.163711 -0.307015 -0.17975
0.163711 -0.290535 -0.19124
0.163711 -0.274055 -0.202731
0.163711 -0.257575 -0.214222
0.163711 -0.241095 -0.225713
0.163711 -0.224615 -0.237204
0.163711 -0.208135 -0.248695
0.163711 -0.191655 -0.260186
0.163711 -0.175175 -0.271677
0.163711 -0.158695 -0.283168
0.163711 -0.142215 -0.294658
0.163711 -0.125735 -0.306149
0.163711 -0.109255 -0.31764
0.163711 -0.0927753 -0.329131
0.163711 -0.0762953 -0.340622
0.163711 -0.0598153 -0.352113
0.163711 -0.0433353 -0.363604
0.163711 -0.0268553 -0.375095
0.163711 -0.0103753 -0.386586
0.163711 0.00610467 -0.398076
0.163711 0.0225847 -0.409567
0.163711 0.0390647 -0.421058
0.163711 0.0555446 -0.432549
0.178816 -0.405895 -0.15212
0.178816 -0.389415 -0.163611
0.178816 -0.372935 -0.175102
0.178816 -0.356455 -0.186593
0.178816 -0.339975 -0.198084
0.178816 -0.323495 -0.209575
0.178816 -0.307015 -0.221066
0.178816 -0.290535 -0.232556
0.178816 -0.274055 -0.244047
0.178816 -0.257575 -0.255538
0.178816 -0.241095 -0.267029
0.178816 -0.224615 -0.27852
0.178816 -0.208135 -0.290011
0.178816 -0.191655 -0.301502
0.178816 -0.175175 -0.312993
0.178816 -0.158695 -0.324484
0.178816 -0.142215 -0.335974
0.178816 -0.125735 -0.347465
0.178816 -0.109255 -0.358956
0.178816 -0.0927753 -0.370447
0.178816 -0.0762953 -0.381938
0.178816 -0.0598153 -0.393429
0.178816 -0.0433353 -0.40492
0.178816 -0.0268553 -0.416411
0.178816 -0.0103753 -0.427902
0.19392 -0.405895 -0.193436
0.19392 -0.389415 -0.204927
0.19392 -0.372935 -0.216418
0.19392 -0.356455 -0.227909
0.19392 -0.339975 -0.2394
0.19392 -0.323495 -0.250891
0.19392 -0.307015 -0.262382
0.19392 -0.290535 -0.273873
0.19392 -0.274055 -0.285363
0.19392 -0.257575 -0.296854
0.19392 -0.241095 -0.308345
0.19392 -0.224615 -0.319836
0.19392 -0.208135 -0.331327
0.19392 -0.191655 -0.342818
0.19392 -0.175175 -0.354309
0.19392 -0.158695 -0.3658
0.19392 -0.142215 -0.377291
0.19392 -0.125735 -0.388781
0.19392 -0.109255 -0.400272
0.19392 -0.0927753 -0.411763
0.19392 -0.0762953 -0.423254
0.209024 -0.405895 -0.234752
0.209024 -0.389415 -0.246243
0.209024 -0.372935 -0.257734
0.209024 -0.356455 -0.269225
0.209024 -0.339975 -0.280716
0.209024 -0.323495 -0.292207
0.209024 -0.307015 -0.303698
0.209024 -0.290535 -0.315189
0.209024 -0.274055 -0.326679
0.209024 -0.257575 -0.33817
0.209024 -0.241095 -0.349661
0.209024 -0.224615 -0.361152
0.209024 -0.208135 -0.372643
0.209024 -0.191655 -0.384134
0.209024 -0.175175 -0.395625
0.209024 -0.158695 -0.407116
0.209024 -0.142215 -0.418607
0.209024 -0.125735 -0.430097
0.224128 -0.405895 -0.276068
0.224128 -0.389415 -0.287559
0.224128 -0.372935 -0.29905
0.224128 -0.356455 -0.310541
0.224128 -0.339975 -0.322032
0.224128 -0.323495 -0.333523
0.224128 -0.307015 -0.345014
0.224128 -0.290535 -0.356505
0.224128 -0.274055 -0.367995
0.224128 -0.257575 -0.379486
0.224128 -0.241095 -0.390977
0.224128 -0.224615 -0.402468
0.224128 -0.208135 -0.413959
0.224128 -0.191655 -0.42545
0.239233 -0.405895 -0.317384
0.239233 -0.389415 -0.328875
0.239233 -0.372935 -0.340366
0.239233 -0.356455 -0.351857
0.239233 -0.339975 -0.363348
0.239233 -0.323495 -0.374839
0.239233 -0.307015 -0.38633
0.239233 -0.290535 -0.397821
0.239233 -0.274055 -0.409312
0.239233 -0.257575 -0.420802
0.239233 -0.241095 -0.432293
0.254337 -0.405895 -0.3587
0.254337 -0.389415 -0.370191
0.254337 -0.372935 -0.381682
0.254337 -0.356455 -0.393173
0.254337 -0.339975 -0.404664
0.254337 -0.323495 -0.416155
0.254337 -0.307015 -0.427646
0.269441 -0.405895 -0.400017
0.269441 -0.389415 -0.411507
0.269441 -0.372935 -0.422998
0.269441 -0.356455 -0.434489
-0.0326442 -0.405895 0.426304
-0.0175399 -0.405895 0.384988
-0.00243563 -0.405895 0.343672
0.0126686 -0.405895 0.302356
0.0277729 -0.405895 0.26104
0.0428772 -0.405895 0.219724
0.0579814 -0.405895 0.178408
0.0730857 -0.405895 0.137092
0.08819 -0.405895 0.095776
0.103294 -0.405895 0.0544599
0.118399 -0.405895 0.0131439
0.133503 -0.405895 -0.0281721
0.148607 -0.405895 -0.0694882
0.163711 -0.405895 -0.110804
0.178816 -0.405895 -0.15212
0.19392 -0.405895 -0.193436
0.209024 -0.405895 -0.234752
0.224128 -0.405895 -0.276068
0.239233 -0.405895 -0.317384
0.254337 -0.405895 -0.3587
0.269441 -0.405895 -0.400017
-0.0326442 -0.389415 0.414813
-0.0175399 -0.389415 0.373497
-0.00243563 -0.389415 0.332181
0.0126686 -0.389415 0.290865
0.0277729 -0.389415 0.249549
0.0428772 -0.389415 0.208233
0.0579814 -0.389415 0.166917
0.0730857 -0.389415 0.125601
0.08819 -0.389415 0.0842851
0.103294 -0.389415 0.0429691
0.118399 -0.389415 0.00165302
0.133503 -0.389415 -0.039663
0.148607 -0.389415 -0.0809791
0.163711 -0.389415 -0.122295
0.178816 -0.389415 -0.163611
0.19392 -0.389415 -0.204927
0.209024 -0.389415 -0.246243
0.224128 -0.389415 -0.287559
0.239233 -0.389415 -0.328875
0.254337 -0.389415 -0.370191
0.269441 -0.389415 -0.411507
-0.0477484 -0.372935 0.444639
-0.0326442 -0.372935 0.403323
-0.0175399 -0.372935 0.362007
-0.00243563 -0.372935 0.32069
0.0126686 -0.372935 0.279374
0.0277729 -0.372935 0.238058
0.0428772 -0.372935 0.196742
0.0579814 -0.372935 0.155426
0.0730857 -0.372935 0.11411
0.08819 -0.372935 0.0727942
0.103294 -0.372935 0.0314782
0.118399 -0.372935 -0.00983787
0.133503 -0.372935 -0.0511539
0.148607 -0.372935 -0.09247
0.163711 -0.372935 -0.133786
0.178816 -0.372935 -0.175102
0.19392 -0.372935 -0.216418
0.209024 -0.372935 -0.257734
0.224128 -0.372935 -0.29905
0.239233 -0.372935 -0.340366
0.254337 -0.372935 -0.381682
0.269441 -0.372935 -0.422998
-0.0477484 -0.356455 0.433148
-0.0326442 -0.356455 0.391832
-0.0175399 -0.356455 0.350516
-0.00243563 -0.356455 0.3092
0.0126686 -0.356455 0.267884
0.0277729 -0.356455 0.226567
0.0428772 -0.356455 0.185251
0.0579814 -0.356455 0.143935
0.0730857 -0.356455 0.102619
0.08819 -0.356455 0.0613033
0.103294 -0.356455 0.0199873
0.118399 -0.356455 -0.0213288
0.133503 -0.356455 -0.0626448
0.148607 -0.356455 -0.103961
0.163711 -0.356455 -0.145277
0.178816 -0.356455 -0.186593
0.19392 -0.356455 -0.227909
0.209024 -0.356455 -0.269225
0.224128 -0.356455 -0.310541
0.239233 -0.356455 -0.351857
0.254337 -0.356455 -0.393173
0.269441 -0.356455 -0.434489
-0.0477484 -0.339975 0.421657
-0.0326442 -0.339975 0.380341
-0.0175399 -0.339975 0.339025
-0.00243563 -0.339975 0.297709
0.0126686 -0.339975 0.256393
0.0277729 -0.339975 0.215077
0.0428772 -0.339975 0.173761
0.0579814 -0.339975 0.132445
0.0730857 -0.339975 0.0911285
0.08819 -0.339975 0.0498124
0.103294 -0.339975 0.00849639
0.118399 -0.339975 -0.0328196
0.133503 -0.339975 -0.0741357
0.148607 -0.339975 -0.115452
0.163711 -0.339975 -0.156768
0.178816 -0.339975 -0.198084
0.19392 -0.339975 -0.2394
0.209024 -0.339975 -0.280716
0.224128 -0.339975 -0.322032
0.239233 -0.339975 -0.363348
0.254337 -0.339975 -0.404664
-0.0477484 -0.323495 0.410166
-0.0326442 -0.323495 0.36885
-0.0175399 -0.323495 0.327534
-0.00243563 -0.323495 0.286218
0.0126686 -0.323495 0.244902
0.0277729 -0.323495 0.203586
0.0428772 -0.323495 0.16227
0.0579814 -0.323495 0.120954
0.0730857 -0.323495 0.0796376
0.08819 -0.323495 0.0383215
0.103294 -0.323495 -0.0029945
0.118399 -0.323495 -0.0443105
0.133503 -0.323495 -0.0856266
0.148607 -0.323495 -0.126943
0.163711 -0.323495 -0.168259
0.178816 -0.323495 -0.209575
0.19392 -0.323495 -0.250891
0.209024 -0.323495 -0.292207
0.224128 -0.323495 -0.333523
0.239233 -0.323495 -0.374839
0.254337 -0.323495 -0.416155
-0.0628527 -0.307015 0.439991
-0.0477484 -0.307015 0.398675
-0.0326442 -0.307015 0.357359
-0.0175399 -0.307015 0.316043
-0.00243563 -0.307015 0.274727
0.0126686 -0.307015 0.233411
0.0277729 -0.307015 0.192095
0.0428772 -0.307015 0.150779
0.0579814 -0.307015 0.109463
0.0730857 -0.307015 0.0681467
0.08819 -0.307015 0.0268307
0.103294 -0.307015 -0.0144854
0.118399 -0.307015 -0.0558014
0.133503 -0.307015 -0.0971175
0.148607 -0.307015 -0.138434
0.163711 -0.307015 -0.17975
0.178816 -0.307015 -0.221066
0.19392 -0.307015 -0.262382
0.209024 -0.307015 -0.303698
0.224128 -0.307015 -0.345014
0.239233 -0.307015 -0.38633
0.254337 -0.307015 -0.427646
-0.0628527 -0.290535 0.4285
-0.0477484 -0.290535 0.387184
-0.0326442 -0.290535 0.345868
-0.0175399 -0.290535 0.304552
-0.00243563 -0.290535 0.263236
0.0126686 -0.290535 0.22192
0.0277729 -0.290535 0.180604
0.0428772 -0.290535 0.139288
0.0579814 -0.290535 0.0979718
0.0730857 -0.290535 0.0566558
0.08819 -0.290535 0.0153398
0.103294 -0.290535 -0.0259763
0.118399 -0.290535 -0.0672923
0.133503 -0.290535 -0.108608
0.148607 -0.290535 -0.149924
0.163711 -0.290535 -0.19124
0.178816 -0.290535 -0.232556
0.19392 -0.290535 -0.273873
0.209024 -0.290535 -0.315189
0.224128 -0.290535 -0.356505
0.239233 -0.290535 -0.397821
-0.0628527 -0.274055 0.417009
-0.0477484 -0.274055 0.375693
-0.0326442 -0.274055 0.334377
-0.0175399 -0.274055 0.293061
-0.00243563 -0.274055 0.251745
0.0126686 -0.274055 0.210429
0.0277729 -0.274055 0.169113
0.0428772 -0.274055 0.127797
0.0579814 -0.274055 0.086481
0.0730857 -0.274055 0.0451649
0.08819 -0.274055 0.00384888
0.103294 -0.274055 -0.0374672
0.118399 -0.274055 -0.0787832
0.133503 -0.274055 -0.120099
0.148607 -0.274055 -0.161415
0.163711 -0.274055 -0.202731
0.178816 -0.274055 -0.244047
0.19392 -0.274055 -0.285363
0.209024 -0.274055 -0.326679
0.224128 -0.274055 -0.367995
0.239233 -0.274055 -0.409312
-0.0628527 -0.257575 0.405518
-0.0477484 -0.257575 0.364202
-0.0326442 -0.257575 0.322886
-0.0175399 -0.257575 0.28157
-0.00243563 -0.257575 0.240254
0.0126686 -0.257575 0.198938
0.0277729 -0.257575 0.157622
0.0428772 -0.257575 0.116306
0.0579814 -0.257575 0.0749901
0.0730857 -0.257575 0.033674
0.08819 -0.257575 -0.00764201
0.103294 -0.257575 -0.0489581
0.118399 -0.257575 -0.0902741
0.133503 -0.257575 -0.13159
0.148607 -0.257575 -0.172906
0.163711 -0.257575 -0.214222
0.178816 -0.257575 -0.255538
0.19392 -0.257575 -0.296854
0.209024 -0.257575 -0.33817
0.224128 -0.257575 -0.379486
0.239233 -0.257575 -0.420802
-0.077957 -0.241095 0.435344
-0.0628527 -0.241095 0.394028
-0.0477484 -0.241095 0.352711
-0.0326442 -0.241095 0.311395
-0.0175399 -0.241095 0.270079
-0.00243563 -0.241095 0.228763
0.0126686 -0.241095 0.187447
0.0277729 -0.241095 0.146131
0.0428772 -0.241095 0.104815
0.0579814 -0.241095 0.0634992
0.0730857 -0.241095 0.0221831
0.08819 -0.241095 -0.0191329
0.103294 -0.241095 -0.0604489
0.118399 -0.241095 -0.101765
0.133503 -0.241095 -0.143081
0.148607 -0.241095 -0.184397
0.163711 -0.241095 -0.225713
0.178816 -0.241095 -0.267029
0.19392 -0.241095 -0.308345
0.209024 -0.241095 -0.349661
0.224128 -0.241095 -0.390977
0.239233 -0.241095 -0.432293
-0.077957 -0.224615 0.423853
-0.0628527 -0.224615 0.382537
-0.0477484 -0.224615 0.341221
-0.0326442 -0.224615 0.299905
-0.0175399 -0.224615 0.258589
-0.00243563 -0.224615 0.217272
0.0126686 -0.224615 0.175956
0.0277729 -0.224615 0.13464
0.0428772 -0.224615 0.0933243
0.0579814 -0.224615 0.0520083
0.0730857 -0.224615 0.0106923
0.08819 -0.224615 -0.0306238
0.103294 -0.224615 -0.0719398
0.118399 -0.224615 -0.113256
0.133503 -0.224615 -0.154572
0.148607 -0.224615 -0.195888
0.163711 -0.224615 -0.237204
0.178816 -0.224615 -0.27852
0.19392 -0.224615 -0.319836
0.209024 -0.224615 -0.361152
0.224128 -0.224615 -0.402468
-0.077957 -0.208135 0.412362
-0.0628527 -0.208135 0.371046
-0.0477484 -0.208135 0.32973
-0.0326442 -0.208135 0.288414
-0.0175399 -0.208135 0.247098
-0.00243563 -0.208135 0.205782
0.0126686 -0.208135 0.164466
0.0277729 -0.208135 0.123149
0.0428772 -0.208135 0.0818334
0.0579814 -0.208135 0.0405174
0.0730857 -0.208135 -0.000798638
0.08819 -0.208135 -0.0421147
0.103294 -0.208135 -0.0834307
0.118399 -0.208135 -0.124747
0.133503 -0.208135 -0.166063
0.148607 -0.208135 -0.207379
0.163711 -0.208135 -0.248695
0.178816 -0.208135 -0.290011
0.19392 -0.208135 -0.331327
0.209024 -0.208135 -0.372643
0.224128 -0.208135 -0.413959
-0.0930612 -0.191655 0.442187
-0.077957 -0.191655 0.400871
-0.0628527 -0.191655 0.359555
-0.0477484 -0.191655 0.318239
-0.0326442 -0.191655 0.276923
-0.0175399 -0.191655 0.235607
-0.00243563 -0.191655 0.194291
0.0126686 -0.191655 0.152975
0.0277729 -0.191655 0.111659
0.0428772 -0.191655 0.0703426
0.0579814 -0.191655 0.0290265
0.0730857 -0.191655 -0.0122895
0.08819 -0.191655 -0.0536056
0.103294 -0.191655 -0.0949216
0.118399 -0.191655 -0.136238
0.133503 -0.191655 -0.177554
0.148607 -0.191655 -0.21887
0.163711 -0.191655 -0.260186
0.178816 -0.191655 -0.301502
0.19392 -0.191655 -0.342818
0.209024 -0.191655 -0.384134
0.224128 -0.191655 -0.42545
-0.0930612 -0.175175 0.430696
-0.077957 -0.175175 0.38938
-0.0628527 -0.175175 0.348064
-0.0477484 -0.175175 0.306748
-0.0326442 -0.175175 0.265432
-0.0175399 -0.175175 0.224116
-0.00243563 -0.175175 0.1828
0.0126686 -0.175175 0.141484
0.0277729 -0.175175 0.100168
0.0428772 -0.175175 0.0588517
0.0579814 -0.175175 0.0175356
0.0730857 -0.175175 -0.0237804
0.08819 -0.175175 -0.0650965
0.103294 -0.175175 -0.106412
0.118399 -0.175175 -0.147729
0.133503 -0.175175 -0.189045
0.148607 -0.175175 -0.230361
0.163711 -0.175175 -0.271677
0.178816 -0.175175 -0.312993
0.19392 -0.175175 -0.354309
0.209024 -0.175175 -0.395625
-0.0930612 -0.158695 0.419205
-0.077957 -0.158695 0.377889
-0.0628527 -0.158695 0.336573
-0.0477484 -0.158695 0.295257
-0.0326442 -0.158695 0.253941
-0.0175399 -0.158695 0.212625
-0.00243563 -0.158695 0.171309
0.0126686 -0.158695 0.129993
0.0277729 -0.158695 0.0886768
0.0428772 -0.158695 0.0473608
0.0579814 -0.158695 0.00604474
0.0730857 -0.158695 -0.0352713
0.08819 -0.158695 -0.0765873
0.103294 -0.158695 -0.117903
0.118399 -0.158695 -0.159219
0.133503 -0.158695 -0.200535
0.148607 -0.158695 -0.241852
0.163711 -0.158695 -0.283168
0.178816 -0.158695 -0.324484
0.19392 -0.158695 -0.3658
0.209024 -0.158695 -0.407116
-0.0930612 -0.142215 0.407714
-0.077957 -0.142215 0.366398
-0.0628527 -0.142215 0.325082
-0.0477484 -0.142215 0.283766
-0.0326442 -0.142215 0.24245
-0.0175399 -0.142215 0.201134
-0.00243563 -0.142215 0.159818
0.0126686 -0.142215 0.118502
0.0277729 -0.142215 0.0771859
0.0428772 -0.142215 0.0358699
0.0579814 -0.142215 -0.00544615
0.0730857 -0.142215 -0.0467622
0.08819 -0.142215 -0.0880782
0.103294 -0.142215 -0.129394
0.118399 -0.142215 -0.17071
0.133503 -0.142215 -0.212026
0.148607 -0.142215 -0.253342
0.163711 -0.142215 -0.294658
0.178816 -0.142215 -0.335974
0.19392 -0.142215 -0.377291
0.209024 -0.142215 -0.418607
-0.108166 -0.125735 0.437539
-0.0930612 -0.125735 0.396223
-0.077957 -0.125735 0.354907
-0.0628527 -0.125735 0.313591
-0.0477484 -0.125735 0.272275
-0.0326442 -0.125735 0.230959
-0.0175399 -0.125735 0.189643
-0.00243563 -0.125735 0.148327
0.0126686 -0.125735 0.107011
0.0277729 -0.125735 0.065695
0.0428772 -0.125735 0.024379
0.0579814 -0.125735 -0.016937
0.0730857 -0.125735 -0.0582531
0.08819 -0.125735 -0.0995691
0.103294 -0.125735 -0.140885
0.118399 -0.125735 -0.182201
0.133503 -0.125735 -0.223517
0.148607 -0.125735 -0.264833
0.163711 -0.125735 -0.306149
0.178816 -0.125735 -0.347465
0.19392 -0.125735 -0.388781
0.209024 -0.125735 -0.430097
-0.108166 -0.109255 0.426049
-0.0930612 -0.109255 0.384732
-0.077957 -0.109255 0.343416
-0.0628527 -0.109255 0.3021
-0.0477484 -0.109255 0.260784
-0.0326442 -0.109255 0.219468
-0.0175399 -0.109255 0.178152
-0.00243563 -0.109255 0.136836
0.0126686 -0.109255 0.0955202
0.0277729 -0.109255 0.0542042
0.0428772 -0.109255 0.0128881
0.0579814 -0.109255 -0.0284279
0.0730857 -0.109255 -0.069744
0.08819 -0.109255 -0.11106
0.103294 -0.109255 -0.152376
0.118399 -0.109255 -0.193692
0.133503 -0.109255 -0.235008
0.148607 -0.109255 -0.276324
0.163711 -0.109255 -0.31764
0.178816 -0.109255 -0.358956
0.19392 -0.109255 -0.400272
-0.108166 -0.0927753 0.414558
-0.0930612 -0.0927753 0.373242
-0.077957 -0.0927753 0.331926
-0.0628527 -0.0927753 0.29061
-0.0477484 -0.0927753 0.249293
-0.0326442 -0.0927753 0.207977
-0.0175399 -0.0927753 0.166661
-0.00243563 -0.0927753 0.125345
0.0126686 -0.0927753 0.0840293
0.0277729 -0.0927753 0.0427133
0.0428772 -0.0927753 0.00139722
0.0579814 -0.0927753 -0.0399188
0.0730857 -0.0927753 -0.0812349
0.08819 -0.0927753 -0.122551
0.103294 -0.0927753 -0.163867
0.118399 -0.0927753 -0.205183
0.133503 -0.0927753 -0.246499
0.148607 -0.0927753 -0.287815
0.163711 -0.0927753 -0.329131
0.178816 -0.0927753 -0.370447
0.19392 -0.0927753 -0.411763
-0.12327 -0.0762953 0.444383
-0.108166 -0.0762953 0.403067
-0.0930612 -0.0762953 0.361751
-0.077957 -0.0762953 0.320435
-0.0628527 -0.0762953 0.279119
-0.0477484 -0.0762953 0.237803
-0.0326442 -0.0762953 0.196487
-0.0175399 -0.0762953 0.15517
-0.00243563 -0.0762953 0.113854
0.0126686 -0.0762953 0.0725384
0.0277729 -0.0762953 0.0312224
0.0428772 -0.0762953 -0.0100937
0.0579814 -0.0762953 -0.0514097
0.0730857 -0.0762953 -0.0927258
0.08819 -0.0762953 -0.134042
0.103294 -0.0762953 -0.175358
0.118399 -0.0762953 -0.216674
0.133503 -0.0762953 -0.25799
0.148607 -0.0762953 -0.299306
0.163711 -0.0762953 -0.340622
0.178816 -0.0762953 -0.381938
0.19392 -0.0762953 -0.423254
-0.12327 -0.0598153 0.432892
-0.108166 -0.0598153 0.391576
-0.0930612 -0.0598153 0.35026
-0.077957 -0.0598153 0.308944
-0.0628527 -0.0598153 0.267628
-0.0477484 -0.0598153 0.226312
-0.0326442 -0.0598153 0.184996
-0.0175399 -0.0598153 0.14368
-0.00243563 -0.0598153 0.102364
0.0126686 -0.0598153 0.0610475
0.0277729 -0.0598153 0.0197315
0.0428772 -0.0598153 -0.0215846
0.0579814 -0.0598153 -0.0629006
0.0730857 -0.0598153 -0.104217
0.08819 -0.0598153 -0.145533
0.103294 -0.0598153 -0.186849
0.118399 -0.0598153 -0.228165
0.133503 -0.0598153 -0.269481
0.148607 -0.0598153 -0.310797
0.163711 -0.0598153 -0.352113
0.178816 -0.0598153 -0.393429
-0.12327 -0.0433353 0.421401
-0.108166 -0.0433353 0.380085
-0.0930612 -0.0433353 0.338769
-0.077957 -0.0433353 0.297453
-0.0628527 -0.0433353 0.256137
-0.0477484 -0.0433353 0.214821
-0.0326442 -0.0433353 0.173505
-0.0175399 -0.0433353 0.132189
-0.00243563 -0.0433353 0.0908727
0.0126686 -0.0433353 0.0495566
0.0277729 -0.0433353 0.0082406
0.0428772 -0.0433353 -0.0330754
0.0579814 -0.0433353 -0.0743915
0.0730857 -0.0433353 -0.115708
0.08819 -0.0433353 -0.157024
0.103294 -0.0433353 -0.19834
0.118399 -0.0433353 -0.239656
0.133503 -0.0433353 -0.280972
0.148607 -0.0433353 -0.322288
0.163711 -0.0433353 -0.363604
0.178816 -0.0433353 -0.40492
-0.12327 -0.0268553 0.40991
-0.108166 -0.0268553 0.368594
-0.0930612 -0.0268553 0.327278
-0.077957 -0.0268553 0.285962
-0.0628527 -0.0268553 0.244646
-0.0477484 -0.0268553 0.20333
-0.0326442 -0.0268553 0.162014
-0.0175399 -0.0268553 0.120698
-0.00243563 -0.0268553 0.0793818
0.0126686 -0.0268553 0.0380657
0.0277729 -0.0268553 -0.00325029
0.0428772 -0.0268553 -0.0445663
0.0579814 -0.0268553 -0.0858824
0.0730857 -0.0268553 -0.127198
0.08819 -0.0268553 -0.168514
0.103294 -0.0268553 -0.209831
0.118399 -0.0268553 -0.251147
0.133503 -0.0268553 -0.292463
0.148607 -0.0268553 -0.333779
0.163711 -0.0268553 -0.375095
0.178816 -0.0268553 -0.416411
-0.138374 -0.0103753 0.439735
-0.12327 -0.0103753 0.398419
-0.108166 -0.0103753 0.357103
-0.0930612 -0.0103753 0.315787
-0.077957 -0.0103753 0.274471
-0.0628527 -0.0103753 0.233155
-0.0477484 -0.0103753 0.191839
-0.0326442 -0.0103753 0.150523
-0.0175399 -0.0103753 0.109207
-0.00243563 -0.0103753 0.0678909
0.0126686 -0.0103753 0.0265749
0.0277729 -0.0103753 -0.0147412
0.0428772 -0.0103753 -0.0560572
0.0579814 -0.0103753 -0.0973733
0.0730857 -0.0103753 -0.138689
0.08819 -0.0103753 -0.180005
0.103294 -0.0103753 -0.221321
0.118399 -0.0103753 -0.262637
0.133503 -0.0103753 -0.303953
0.148607 -0.0103753 -0.34527
0.163711 -0.0103753 -0.386586
0.178816 -0.0103753 -0.427902
-0.138374 0.00610467 0.428244
-0.12327 0.00610467 0.386928
-0.108166 0.00610467 0.345612
-0.0930612 0.00610467 0.304296
-0.077957 0.00610467 0.26298
-0.0628527 0.00610467 0.221664
-0.0477484 0.00610467 0.180348
-0.0326442 0.00610467 0.139032
-0.0175399 0.00610467 0.0977161
-0.00243563 0.00610467 0.0564
0.0126686 0.00610467 0.015084
0.0277729 0.00610467 -0.0262321
0.0428772 0.00610467 -0.0675481
0.0579814 0.00610467 -0.108864
0.0730857 0.00610467 -0.15018
0.08819 0.00610467 -0.191496
0.103294 0.00610467 -0.232812
0.118399 0.00610467 -0.274128
0.133503 0.00610467 -0.315444
0.148607 0.00610467 -0.35676
0.163711 0.00610467 -0.398076
-0.138374 0.0225847 0.416753
-0.12327 0.0225847 0.375437
-0.108166 0.0225847 0.334121
-0.0930612 0.0225847 0.292805
-0.077957 0.0225847 0.251489
-0.0628527 0.0225847 0.210173
-0.0477484 0.0225847 0.168857
-0.0326442 0.0225847 0.127541
-0.0175399 0.0225847 0.0862252
-0.00243563 0.0225847 0.0449091
0.0126686 0.0225847 0.00359308
0.0277729 0.0225847 -0.037723
0.0428772 0.0225847 -0.079039
0.0579814 0.0225847 -0.120355
0.0730857 0.0225847 -0.161671
0.08819 0.0225847 -0.202987
0.103294 0.0225847 -0.244303
0.118399 0.0225847 -0.285619
0.133503 0.0225847 -0.326935
0.148607 0.0225847 -0.368251
0.163711 0.0225847 -0.409567
-0.153478 0.0390647 0.446579
-0.138374 0.0390647 0.405263
-0.12327 0.0390647 0.363947
-0.108166 0.0390647 0.322631
-0.0930612 0.0390647 0.281314
-0.077957 0.0390647 0.239998
-0.0628527 0.0390647 0.198682
-0.0477484 0.0390647 0.157366
-0.0326442 0.0390647 0.11605
-0.0175399 0.0390647 0.0747343
-0.00243563 0.0390647 0.0334182
0.0126686 0.0390647 -0.00789781
0.0277729 0.0390647 -0.0492138
0.0428772 0.0390647 -0.0905299
0.0579814 0.0390647 -0.131846
0.0730857 0.0390647 -0.173162
0.08819 0.0390647 -0.214478
0.103294 0.0390647 -0.255794
0.118399 0.0390647 -0.29711
0.133503 0.0390647 -0.338426
0.148607 0.0390647 -0.379742
0.163711 0.0390647 -0.421058
-0.153478 0.0555446 0.435088
-0.138374 0.0555446 0.393772
-0.12327 0.0555446 0.352456
-0.108166 0.0555446 0.31114
-0.0930612 0.0555446 0.269824
-0.077957 0.0555446 0.228508
-0.0628527 0.0555446 0.187192
-0.0477484 0.0555446 0.145875
-0.0326442 0.0555446 0.104559
-0.0175399 0.0555446 0.0632434
-0.00243563 0.0555446 0.0219273
0.0126686 0.0555446 -0.0193887
0.0277729 0.0555446 -0.0607047
0.0428772 0.0555446 -0.102021
0.0579814 0.0555446 -0.143337
0.0730857 0.0555446 -0.184653
0.08819 0.0555446 -0.225969
0.103294 0.0555446 -0.267285
0.118399 0.0555446 -0.308601
0.133503 0.0555446 -0.349917
0.148607 0.0555446 -0.391233
0.163711 0.0555446 -0.432549
-0.153478 0.0720246 0.423597
-0.138374 0.0720246 0.382281
-0.12327 0.0720246 0.340965
-0.108166 0.0720246 0.299649
-0.0930612 0.0720246 0.258333
-0.077957 0.0720246 0.217017
-0.0628527 0.0720246 0.175701
-0.0477484 0.0720246 0.134385
-0.0326442 0.0720246 0.0930685
-0.0175399 0.0720246 0.0517525
-0.00243563 0.0720246 0.0104365
0.0126686 0.0720246 -0.0308796
0.0277729 0.0720246 -0.0721956
0.0428772 0.0720246 -0.113512
0.0579814 0.0720246 -0.154828
0.0730857 0.0720246 -0.196144
0.08819 0.0720246 -0.23746
0.103294 0.0720246 -0.278776
0.118399 0.0720246 -0.320092
0.133503 0.0720246 -0.361408
0.148607 0.0720246 -0.402724
-0.153478 0.0885046 0.412106
-0.138374 0.0885046 0.37079
-0.12327 0.0885046 0.329474
-0.108166 0.0885046 0.288158
-0.0930612 0.0885046 0.246842
-0.077957 0.0885046 0.205526
-0.0628527 0.0885046 0.16421
-0.0477484 0.0885046 0.122894
-0.0326442 0.0885046 0.0815776
-0.0175399 0.0885046 0.0402616
-0.00243563 0.0885046 -0.00105443
0.0126686 0.0885046 -0.0423705
0.0277729 0.0885046 -0.0836865
0.0428772 0.0885046 -0.125003
0.0579814 0.0885046 -0.166319
0.0730857 0.0885046 -0.207635
0.08819 0.0885046 -0.248951
0.103294 0.0885046 -0.290267
0.118399 0.0885046 -0.331583
0.133503 0.0885046 -0.372899
0.148607 0.0885046 -0.414215
-0.168583 0.104985 0.441931
-0.153478 0.104985 0.400615
-0.138374 0.104985 0.359299
-0.12327 0.104985 0.317983
-0.108166 0.104985 0.276667
-0.0930612 0.104985 0.235351
-0.077957 0.104985 0.194035
-0.0628527 0.104985 0.152719
-0.0477484 0.104985 0.111403
-0.0326442 0.104985 0.0700868
-0.0175399 0.104985 0.0287707
-0.00243563 0.104985 -0.0125453
0.0126686 0.104985 -0.0538614
0.0277729 0.104985 -0.0951774
0.0428772 0.104985 -0.136493
0.0579814 0.104985 -0.177809
0.0730857 0.104985 -0.219126
0.08819 0.104985 -0.260442
0.103294 0.104985 -0.301758
0.118399 0.104985 -0.343074
0.133503 0.104985 -0.38439
0.148607 0.104985 -0.425706
-0.168583 0.121465 0.43044
-0.153478 0.121465 0.389124
-0.138374 0.121465 0.347808
-0.12327 0.121465 0.306492
-0.108166 0.121465 0.265176
-0.0930612 0.121465 0.22386
-0.077957 0.121465 0.182544
-0.0628527 0.121465 0.141228
-0.0477484 0.121465 0.0999119
-0.0326442 0.121465 0.0585959
-0.0175399 0.121465 0.0172798
-0.00243563 0.121465 -0.0240362
0.0126686 0.121465 -0.0653523
0.0277729 0.121465 -0.106668
0.0428772 0.121465 -0.147984
0.0579814 0.121465 -0.1893
0.0730857 0.121465 -0.230616
0.08819 0.121465 -0.271932
0.103294 0.121465 -0.313249
0.118399 0.121465 -0.354565
0.133503 0.121465 -0.395881
-0.168583 0.137945 0.418949
-0.153478 0.137945 0.377633
-0.138374 0.137945 0.336317
-0.12327 0.137945 0.295001
-0.108166 0.137945 0.253685
-0.0930612 0.137945 0.212369
-0.077957 0.137945 0.171053
-0.0628527 0.137945 0.129737
-0.0477484 0.137945 0.088421
-0.0326442 0.137945 0.047105
-0.0175399 0.137945 0.00578894
-0.00243563 0.137945 -0.0355271
0.0126686 0.137945 -0.0768431
0.0277729 0.137945 -0.118159
0.0428772 0.137945 -0.159475
0.0579814 0.137945 -0.200791
0.0730857 0.137945 -0.242107
0.08819 0.137945 -0.283423
0.103294 0.137945 -0.324739
0.118399 0.137945 -0.366055
0.133503 0.137945 -0.407371
-0.168583 0.154425 0.407458
-0.153478 0.154425 0.366142
-0.138374 0.154425 0.324826
-0.12327 0.154425 0.28351
-0.108166 0.154425 0.242194
-0.0930612 0.154425 0.200878
-0.077957 0.154425 0.159562
-0.0628527 0.154425 0.118246
-0.0477484 0.154425 0.0769301
-0.0326442 0.154425 0.0356141
-0.0175399 0.154425 -0.00570195
-0.00243563 0.154425 -0.047018
0.0126686 0.154425 -0.088334
0.0277729 0.154425 -0.12965
0.0428772 0.154425 -0.170966
0.0579814 0.154425 -0.212282
0.0730857 0.154425 -0.253598
0.08819 0.154425 -0.294914
0.103294 0.154425 -0.33623
0.118399 0.154425 -0.377546
0.133503 0.154425 -0.418862
-0.183687 0.170905 0.437284
-0.168583 0.170905 0.395968
-0.153478 0.170905 0.354652
-0.138374 0.170905 0.313335
-0.12327 0.170905 0.272019
-0.108166 0.170905 0.230703
-0.0930612 0.170905 0.189387
-0.077957 0.170905 0.148071
-0.0628527 0.170905 0.106755
-0.0477484 0.170905 0.0654392
-0.0326442 0.170905 0.0241232
-0.0175399 0.170905 -0.0171928
-0.00243563 0.170905 -0.0585089
0.0126686 0.170905 -0.0998249
0.0277729 0.170905 -0.141141
0.0428772 0.170905 -0.182457
0.0579814 0.170905 -0.223773
0.0730857 0.170905 -0.265089
0.08819 0.170905 -0.306405
0.103294 0.170905 -0.347721
0.118399 0.170905 -0.389037
0.133503 0.170905 -0.430353
-0.183687 0.187385 0.425793
-0.168583 0.187385 0.384477
-0.153478 0.187385 0.343161
-0.138374 0.187385 0.301845
-0.12327 0.187385 0.260529
-0.108166 0.187385 0.219213
-0.0930612 0.187385 0.177896
-0.077957 0.187385 0.13658
-0.0628527 0.187385 0.0952644
-0.0477484 0.187385 0.0539484
-0.0326442 0.187385 0.0126323
-0.0175399 0.187385 -0.0286837
-0.00243563 0.187385 -0.0699998
0.0126686 0.187385 -0.111316
0.0277729 0.187385 -0.152632
0.0428772 0.187385 -0.193948
0.0579814 0.187385 -0.235264
0.0730857 0.187385 -0.27658
0.08819 0.187385 -0.317896
0.103294 0.187385 -0.359212
0.118399 0.187385 -0.400528
-0.183687 0.203865 0.414302
-0.168583 0.203865 0.372986
-0.153478 0.203865 0.33167
-0.138374 0.203865 0.290354
-0.12327 0.203865 0.249038
-0.108166 0.203865 0.207722
-0.0930612 0.203865 0.166406
-0.077957 0.203865 0.12509
-0.0628527 0.203865 0.0837735
-0.0477484 0.203865 0.0424575
-0.0326442 0.203865 0.00114143
-0.0175399 0.203865 -0.0401746
-0.00243563 0.203865 -0.0814907
0.0126686 0.203865 -0.122807
0.0277729 0.203865 -0.164123
0.0428772 0.203865 -0.205439
0.0579814 0.203865 -0.246755
0.0730857 0.203865 -0.288071
0.08819 0.203865 -0.329387
0.103294 0.203865 -0.370703
0.118399 0.203865 -0.412019
-0.198791 0.220345 0.444127
-0.183687 0.220345 0.402811
-0.168583 0.220345 0.361495
-0.153478 0.220345 0.320179
-0.138374 0.220345 0.278863
-0.12327 0.220345 0.237547
-0.108166 0.220345 0.196231
-0.0930612 0.220345 0.154915
-0.077957 0.220345 0.113599
-0.0628527 0.220345 0.0722826
-0.0477484 0.220345 0.0309666
-0.0326442 0.220345 -0.0103495
-0.0175399 0.220345 -0.0516655
-0.00243563 0.220345 -0.0929815
0.0126686 0.220345 -0.134298
0.0277729 0.220345 -0.175614
0.0428772 0.220345 -0.21693
0.0579814 0.220345 -0.258246
0.0730857 0.220345 -0.299562
0.08819 0.220345 -0.340878
0.103294 0.220345 -0.382194
0.118399 0.220345 -0.42351
-0.198791 0.236825 0.432636
-0.183687 0.236825 0.39132
-0.168583 0.236825 0.350004
-0.153478 0.236825 0.308688
-0.138374 0.236825 0.267372
-0.12327 0.236825 0.226056
-0.108166 0.236825 0.18474
-0.0930612 0.236825 0.143424
-0.077957 0.236825 0.102108
-0.0628527 0.236825 0.0607917
-0.0477484 0.236825 0.0194757
-0.0326442 0.236825 -0.0218404
-0.0175399 0.236825 -0.0631564
-0.00243563 0.236825 -0.104472
0.0126686 0.236825 -0.145788
0.0277729 0.236825 -0.187105
0.0428772 0.236825 -0.228421
0.0579814 0.236825 -0.269737
0.0730857 0.236825 -0.311053
0.08819 0.236825 -0.352369
0.103294 0.236825 -0.393685
-0.198791 0.253305 0.421145
-0.183687 0.253305 0.379829
-0.168583 0.253305 0.338513
-0.153478 0.253305 0.297197
-0.138374 0.253305 0.255881
-0.12327 0.253305 0.214565
-0.108166 0.253305 0.173249
-0.0930612 0.253305 0.131933
-0.077957 0.253305 0.0906169
-0.0628527 0.253305 0.0493008
-0.0477484 0.253305 0.0079848
-0.0326442 0.253305 -0.0333312
-0.0175399 0.253305 -0.0746473
-0.00243563 0.253305 -0.115963
0.0126686 0.253305 -0.157279
0.0277729 0.253305 -0.198595
0.0428772 0.253305 -0.239911
0.0579814 0.253305 -0.281227
0.0730857 0.253305 -0.322544
0.08819 0.253305 -0.36386
0.103294 0.253305 -0.405176
-0.198791 0.269785 0.409654
-0.183687 0.269785 0.368338
-0.168583 0.269785 0.327022
-0.153478 0.269785 0.285706
-0.138374 0.269785 0.24439
-0.12327 0.269785 0.203074
-0.108166 0.269785 0.161758
-0.0930612 0.269785 0.120442
-0.077957 0.269785 0.079126
-0.0628527 0.269785 0.03781
-0.0477484 0.269785 -0.00350609
-0.0326442 0.269785 -0.0448221
-0.0175399 0.269785 -0.0861382
-0.00243563 0.269785 -0.127454
0.0126686 0.269785 -0.16877
0.0277729 0.269785 -0.210086
0.0428772 0.269785 -0.251402
0.0579814 0.269785 -0.292718
0.0730857 0.269785 -0.334034
0.08819 0.269785 -0.37535
0.103294 0.269785 -0.416667
-0.213895 0.286265 0.439479
-0.198791 0.286265 0.398163
-0.183687 0.286265 0.356847
-0.168583 0.286265 0.315531
-0.153478 0.286265 0.274215
-0.138374 0.286265 0.232899
-0.12327 0.286265 0.191583
-0.108166 0.286265 0.150267
-0.0930612 0.286265 0.108951
-0.077957 0.286265 0.0676351
-0.0628527 0.286265 0.0263191
-0.0477484 0.286265 -0.014997
-0.0326442 0.286265 -0.056313
-0.0175399 0.286265 -0.0976291
-0.00243563 0.286265 -0.138945
0.0126686 0.286265 -0.180261
0.0277729 0.286265 -0.221577
0.0428772 0.286265 -0.262893
0.0579814 0.286265 -0.304209
0.0730857 0.286265 -0.345525
0.08819 0.286265 -0.386841
0.103294 0.286265 -0.428157
-0.213895 0.302745 0.427989
-0.198791 0.302745 0.386673
-0.183687 0.302745 0.345357
-0.168583 0.302745 0.30404
-0.153478 0.302745 0.262724
-0.138374 0.302745 0.221408
-0.12327 0.302745 0.180092
-0.108166 0.302745 0.138776
-0.0930612 0.302745 0.0974603
-0.077957 0.302745 0.0561442
-0.0628527 0.302745 0.0148282
-0.0477484 0.302745 -0.0264879
-0.0326442 0.302745 -0.0678039
-0.0175399 0.302745 -0.10912
-0.00243563 0.302745 -0.150436
0.0126686 0.302745 -0.191752
0.0277729 0.302745 -0.233068
0.0428772 0.302745 -0.274384
0.0579814 0.302745 -0.3157
0.0730857 0.302745 -0.357016
0.08819 0.302745 -0.398332
-0.213895 0.319225 0.416498
-0.198791 0.319225 0.375182
-0.183687 0.319225 0.333866
-0.168583 0.319225 0.29255
-0.153478 0.319225 0.251234
-0.138374 0.319225 0.209917
-0.12327 0.319225 0.168601
-0.108166 0.319225 0.127285
-0.0930612 0.319225 0.0859694
-0.077957 0.319225 0.0446533
-0.0628527 0.319225 0.00333729
-0.0477484 0.319225 -0.0379788
-0.0326442 0.319225 -0.0792948
-0.0175399 0.319225 -0.120611
-0.00243563 0.319225 -0.161927
0.0126686 0.319225 -0.203243
0.0277729 0.319225 -0.244559
0.0428772 0.319225 -0.285875
0.0579814 0.319225 -0.327191
0.0730857 0.319225 -0.368507
0.08819 0.319225 -0.409823
-0.229 0.335705 0.446323
-0.213895 0.335705 0.405007
-0.198791 0.335705 0.363691
-0.183687 0.335705 0.322375
-0.168583 0.335705 0.281059
-0.153478 0.335705 0.239743
-0.138374 0.335705 0.198427
-0.12327 0.335705 0.157111
-0.108166 0.335705 0.115795
-0.0930612 0.335705 0.0744785
-0.077957 0.335705 0.0331624
-0.0628527 0.335705 -0.0081536
-0.0477484 0.335705 -0.0494696
-0.0326442 0.335705 -0.0907857
-0.0175399 0.335705 -0.132102
-0.00243563 0.335705 -0.173418
0.0126686 0.335705 -0.214734
0.0277729 0.335705 -0.25605
0.0428772 0.335705 -0.297366
0.0579814 0.335705 -0.338682
0.0730857 0.335705 -0.379998
0.08819 0.335705 -0.421314
-0.229 0.352184 0.434832
-0.213895 0.352184 0.393516
-0.198791 0.352184 0.3522
-0.183687 0.352184 0.310884
-0.168583 0.352184 0.269568
-0.153478 0.352184 0.228252
-0.138374 0.352184 0.186936
-0.12327 0.352184 0.14562
-0.108166 0.352184 0.104304
-0.0930612 0.352184 0.0629876
-0.077957 0.352184 0.0216715
-0.0628527 0.352184 -0.0196445
-0.0477484 0.352184 -0.0609605
-0.0326442 0.352184 -0.102277
-0.0175399 0.352184 -0.143593
-0.00243563 0.352184 -0.184909
0.0126686 0.352184 -0.226225
0.0277729 0.352184 -0.267541
0.0428772 0.352184 -0.308857
0.0579814 0.352184 -0.350173
0.0730857 0.352184 -0.391489
0.08819 0.352184 -0.432805
-0.229 0.368664 0.423341
-0.213895 0.368664 0.382025
-0.198791 0.368664 0.340709
-0.183687 0.368664 0.299393
-0.168583 0.368664 0.258077
-0.153478 0.368664 0.216761
-0.138374 0.368664 0.175445
-0.12327 0.368664 0.134129
-0.108166 0.368664 0.0928127
-0.0930612 0.368664 0.0514967
-0.077957 0.368664 0.0101807
-0.0628527 0.368664 -0.0311354
-0.0477484 0.368664 -0.0724514
-0.0326442 0.368664 -0.113767
-0.0175399 0.368664 -0.155084
-0.00243563 0.368664 -0.1964
0.0126686 0.368664 -0.237716
0.0277729 0.368664 -0.279032
0.0428772 0.368664 -0.320348
0.0579814 0.368664 -0.361664
0.0730857 0.368664 -0.40298
-0.229 0.385144 0.41185
-0.213895 0.385144 0.370534
-0.198791 0.385144 0.329218
-0.183687 0.385144 0.287902
-0.168583 0.385144 0.246586
-0.153478 0.385144 0.20527
-0.138374 0.385144 0.163954
-0.12327 0.385144 0.122638
-0.108166 0.385144 0.0813219
-0.0930612 0.385144 0.0400058
-0.077957 0.385144 -0.00131023
-0.0628527 0.385144 -0.0426263
-0.0477484 0.385144 -0.0839423
-0.0326442 0.385144 -0.125258
-0.0175399 0.385144 -0.166574
-0.00243563 0.385144 -0.20789
0.0126686 0.385144 -0.249206
0.0277729 0.385144 -0.290523
0.0428772 0.385144 -0.331839
0.0579814 0.385144 -0.373155
0.0730857 0.385144 -0.414471
-0.244104 0.401624 0.441675
-0.229 0.401624 0.400359
-0.213895 0.401624 0.359043
-0.198791 0.401624 0.317727
-0.183687 0.401624 0.276411
-0.168583 0.401624 0.235095
-0.153478 0.401624 0.193779
-0.138374 0.401624 0.152463
-0.12327 0.401624 0.111147
-0.108166 0.401624 0.069831
-0.0930612 0.401624 0.0285149
-0.077957 0.401624 -0.0128011
-0.0628527 0.401624 -0.0541172
-0.0477484 0.401624 -0.0954332
-0.0326442 0.401624 -0.136749
-0.0175399 0.401624 -0.178065
-0.00243563 0.401624 -0.219381
0.0126686 0.401624 -0.260697
0.0277729 0.401624 -0.302013
0.0428772 0.401624 -0.343329
0.0579814 0.401624 -0.384645
0.0730857 0.401624 -0.425962
